step=1 env=0 left_arm=[-0.01867628  0.01764965  0.00396216 -0.03569432 -0.02714085  0.06112747] left_ee=[0.04399935 0.044     ] right_arm=[ 0.00088599 -0.0416078   0.00316375 -0.04836167 -0.00940319 -0.0236357 ] right_ee=[0.04398771 0.0439862 ]
step=2 env=0 left_arm=[-0.02086044  0.06139968  0.03036617 -0.06097583 -0.03443911  0.10959306] left_ee=[0.04399834 0.044     ] right_arm=[ 0.00088847 -0.04964359  0.00249501 -0.05282643 -0.0095714  -0.0234593 ] right_ee=[0.04399786 0.04398556]
step=3 env=0 left_arm=[-0.01987833  0.12013035  0.06928124 -0.10514285 -0.0420482   0.18165325] left_ee=[0.044 0.044] right_arm=[ 0.00068992 -0.04572798 -0.00121379 -0.04756791 -0.0049414  -0.01905347] right_ee=[0.04399716 0.04399301]
step=4 env=0 left_arm=[-0.0199573   0.20779236  0.13003843 -0.1636795  -0.04829238  0.27253565] left_ee=[0.044 0.044] right_arm=[ 0.00064579 -0.04234223 -0.00441194 -0.04134509  0.00148191 -0.01472521] right_ee=[0.04399623 0.04399815]
step=5 env=0 left_arm=[-0.02709205  0.36310259  0.24036774 -0.24541302 -0.04739884  0.40976775] left_ee=[0.044 0.044] right_arm=[-0.00309286 -0.05780775 -0.01025253 -0.04793782  0.00163952  0.00062286] right_ee=[0.04399666 0.04399998]
step=6 env=0 left_arm=[-0.02778762  0.49191037  0.3322209  -0.33131218 -0.04640942  0.5337764 ] left_ee=[0.044 0.044] right_arm=[-0.00438463 -0.04898987 -0.00537604 -0.04116256  0.00600001  0.00824018] right_ee=[0.04399638 0.04399976]
step=7 env=0 left_arm=[-0.03409117  0.6615348   0.4632408  -0.43942538 -0.0429441   0.68985784] left_ee=[0.044 0.044] right_arm=[-0.00671447 -0.03267714 -0.00520874 -0.03524258  0.00708787  0.00725497] right_ee=[0.04399611 0.04399915]
step=8 env=0 left_arm=[-0.03718441  0.84119207  0.61321455 -0.57473433 -0.0503762   0.86908   ] left_ee=[0.044      0.04399863] right_arm=[-0.00727376 -0.0284443  -0.00272855 -0.03997763  0.00711778 -0.00380263] right_ee=[0.04399569 0.04399956]
step=9 env=0 left_arm=[-0.03419955  1.0192343   0.739573   -0.69206405 -0.05011444  1.052885  ] left_ee=[0.044 0.044] right_arm=[-0.01127782 -0.03194399 -0.01477374 -0.03576129  0.00571864  0.00559576] right_ee=[0.04399702 0.04399811]
step=10 env=0 left_arm=[-0.04120443  1.1523619   0.8306871  -0.77369153 -0.04728463  1.1637032 ] left_ee=[0.044      0.04398522] right_arm=[-0.00741643 -0.03319382 -0.0019399  -0.03034079  0.01003795  0.01216202] right_ee=[0.04399451 0.04399808]
step=11 env=0 left_arm=[-0.04493756  1.3353016   0.99544686 -0.87780863 -0.04144089  1.3365002 ] left_ee=[0.044 0.044] right_arm=[-0.00454083 -0.00867434 -0.00561127 -0.01933372  0.00473976  0.00497034] right_ee=[0.0439969  0.04399415]
step=12 env=0 left_arm=[-0.05532438  1.4988203   1.0795028  -0.9339116  -0.03060548  1.429353  ] left_ee=[0.044      0.04395016] right_arm=[ 0.00375655  0.02405191  0.00583396 -0.0155268  -0.00575876 -0.00477687] right_ee=[0.04399865 0.04398613]
step=13 env=0 left_arm=[-0.04525743  1.6352729   1.1694779  -1.0099849  -0.02269642  1.5533222 ] left_ee=[0.044     0.0439507] right_arm=[ 0.00146606  0.02284989  0.00651941 -0.01640325 -0.00321257  0.007198  ] right_ee=[0.04399649 0.04397907]
step=14 env=0 left_arm=[-0.03989704  1.7278857   1.2393707  -1.0703254  -0.02375521  1.6411674 ] left_ee=[0.044      0.04396107] right_arm=[-0.00020912  0.01501518  0.0076673  -0.02285643 -0.0002843   0.01038402] right_ee=[0.04399632 0.04399339]
step=15 env=0 left_arm=[-0.03107067  1.7536007   1.2524092  -1.0803164  -0.03097074  1.6763903 ] left_ee=[0.04399254 0.04395461] right_arm=[-0.00131421  0.00734248  0.00131601 -0.02006791  0.00224061  0.01324829] right_ee=[0.04399605 0.04399863]
step=16 env=0 left_arm=[-0.04901904  1.8516669   1.2995987  -1.1083846  -0.01516637  1.7271408 ] left_ee=[0.044      0.04394884] right_arm=[-0.00287878  0.00677873  0.00663169 -0.01704751  0.01012377  0.00030608] right_ee=[0.04399366 0.044     ]
step=17 env=0 left_arm=[-0.0356246   1.8729758   1.3230413  -1.1256548  -0.02333618  1.7824504 ] left_ee=[0.04398218 0.04395874] right_arm=[-0.00355957 -0.01001492  0.00098042 -0.02613603  0.00968473  0.00926473] right_ee=[0.0439906  0.04399909]
step=18 env=0 left_arm=[-0.03765093  1.9137245   1.3532728  -1.1458126  -0.02562015  1.8176166 ] left_ee=[0.04201627 0.04200666] right_arm=[-0.00422206 -0.02324961 -0.00219917 -0.02638736  0.0143032   0.01659769] right_ee=[0.04399626 0.04399703]
step=19 env=0 left_arm=[-0.03526366  1.9287165   1.3603718  -1.1526392  -0.02306262  1.8284857 ] left_ee=[0.04004638 0.03999528] right_arm=[-7.3860763e-03 -3.8971048e-02  6.7306210e-05 -2.6568318e-02
  1.7361119e-02  1.4432682e-02] right_ee=[0.04399514 0.04399956]
step=20 env=0 left_arm=[-0.04259178  1.9399621   1.3549294  -1.1532462  -0.02657395  1.8480037 ] left_ee=[0.03686944 0.03682854] right_arm=[-0.0078325  -0.04777527 -0.01456315 -0.01454335  0.01797768  0.01443719] right_ee=[0.04399319 0.04399876]
step=21 env=0 left_arm=[-0.03970576  1.9333756   1.3499082  -1.1497239  -0.0347659   1.8840429 ] left_ee=[0.03241963 0.03240588] right_arm=[-0.00983938 -0.05398668 -0.02670916 -0.01248527  0.01600199  0.02275833] right_ee=[0.04399615 0.04399843]
step=22 env=0 left_arm=[-0.03695545  1.9491484   1.3653322  -1.1583202  -0.03880976  1.894197  ] left_ee=[0.0277771  0.02779776] right_arm=[-0.01115066 -0.06255636 -0.02216203 -0.01807701  0.02132216  0.02636612] right_ee=[0.0439958  0.04399853]
step=23 env=0 left_arm=[-0.04230028  1.9463341   1.3523122  -1.1477495  -0.04218511  1.8839744 ] left_ee=[0.02426358 0.02424063] right_arm=[-0.01116202 -0.05370152 -0.02389997 -0.01893093  0.02059341  0.02039794] right_ee=[0.04399417 0.04399856]
step=24 env=0 left_arm=[-0.03866045  1.9507402   1.3545157  -1.1568738  -0.04328869  1.8856635 ] left_ee=[0.02047748 0.02046604] right_arm=[-0.01056567 -0.05745105 -0.02435414 -0.01646832  0.02596955  0.0192566 ] right_ee=[0.04399743 0.04399729]
step=25 env=0 left_arm=[-0.03511885  1.9516503   1.3528284  -1.1404749  -0.04350989  1.9081929 ] left_ee=[0.01647122 0.01647138] right_arm=[-0.01532561 -0.06007268 -0.02910937 -0.01137737  0.02603197  0.02297343] right_ee=[0.04399532 0.04399813]
step=26 env=0 left_arm=[-0.03344816  1.9329526   1.3552988  -1.1472726  -0.04637654  1.9046004 ] left_ee=[0.01311141 0.01264348] right_arm=[-0.01181309 -0.07240228 -0.03397093 -0.00633436  0.02285932  0.03497965] right_ee=[0.04399093 0.0439949 ]
step=27 env=0 left_arm=[-0.03185136  1.9266493   1.3469722  -1.139173   -0.04334621  1.914211  ] left_ee=[0.01308416 0.01080477] right_arm=[-0.01453552 -0.06108552 -0.0350056  -0.00830535  0.01901384  0.03323629] right_ee=[0.04399863 0.04398995]
step=28 env=0 left_arm=[-0.03067548  1.9383906   1.3697652  -1.168609   -0.05653693  1.9175001 ] left_ee=[0.01456777 0.00858634] right_arm=[-0.0155796  -0.06541109 -0.0337585  -0.02006059  0.02834634  0.03142427] right_ee=[0.04399329 0.04399427]
step=29 env=0 left_arm=[-0.03357983  1.9264034   1.3509923  -1.155139   -0.05417438  1.8960413 ] left_ee=[0.01593325 0.00799954] right_arm=[-0.01340977 -0.05756199 -0.03386649 -0.00493062  0.026699    0.0265854 ] right_ee=[0.04398762 0.04399671]
step=30 env=0 left_arm=[-0.03220221  1.92365     1.3718414  -1.1769241  -0.05717049  1.9091755 ] left_ee=[0.01384228 0.00729889] right_arm=[-0.01416487 -0.05982921 -0.03217267 -0.01566287  0.02996958  0.02991761] right_ee=[0.04399689 0.04399185]
step=31 env=0 left_arm=[-0.03022612  1.9219154   1.3707445  -1.1754582  -0.05370151  1.9144676 ] left_ee=[0.01345824 0.00656552] right_arm=[-0.01495685 -0.06347954 -0.03637101 -0.01050608  0.02334777  0.03333338] right_ee=[0.04399376 0.0439967 ]
step=32 env=0 left_arm=[-0.03321566  1.9249626   1.371698   -1.1694838  -0.05394532  1.9092978 ] left_ee=[0.01174346 0.00573   ] right_arm=[-0.01570633 -0.05700523 -0.03156452 -0.01214652  0.02712839  0.03258003] right_ee=[0.04399705 0.04399332]
step=33 env=0 left_arm=[-0.03091395  1.9271054   1.3745999  -1.1759499  -0.05141197  1.9085077 ] left_ee=[0.01265058 0.00466277] right_arm=[-0.01375649 -0.06628044 -0.03633356 -0.00376946  0.02557966  0.03891622] right_ee=[0.04399341 0.04399719]
step=34 env=0 left_arm=[-0.02634607  1.9072223   1.3738292  -1.1826242  -0.06032829  1.9196587 ] left_ee=[0.01036358 0.00417672] right_arm=[-0.01892588 -0.05458102 -0.02999264 -0.01725819  0.03272092  0.02955752] right_ee=[0.04399053 0.04399024]
step=35 env=0 left_arm=[-0.02742394  1.9157459   1.3786772  -1.1856953  -0.05746962  1.9258605 ] left_ee=[0.00687007 0.00209393] right_arm=[-0.01789743 -0.06003594 -0.03573281 -0.01315818  0.03017499  0.037599  ] right_ee=[0.04398432 0.04399692]
step=36 env=0 left_arm=[-0.02370736  1.918968    1.389686   -1.2038108  -0.06198724  1.9260156 ] left_ee=[0.00455411 0.00079806] right_arm=[-0.01621679 -0.07164524 -0.03628214 -0.01279703  0.02713587  0.04437147] right_ee=[0.04399171 0.04399572]
step=37 env=0 left_arm=[-0.02477605  1.9273648   1.4043242  -1.2135905  -0.06771041  1.9244938 ] left_ee=[0.001831   0.00049131] right_arm=[-0.01615072 -0.07008714 -0.0352071  -0.01182715  0.0331717   0.04032151] right_ee=[0.04399645 0.04399208]
step=38 env=0 left_arm=[-0.02278833  1.9267569   1.4109987  -1.2228591  -0.07182049  1.9313917 ] left_ee=[9.454935e-04 7.914807e-07] right_arm=[-0.0176256  -0.07168953 -0.03554234 -0.01747378  0.03229328  0.04079395] right_ee=[0.04399542 0.04399853]
step=39 env=0 left_arm=[-0.02123233  1.909441    1.4186472  -1.23424    -0.07614934  1.9291829 ] left_ee=[0. 0.] right_arm=[-0.01738132 -0.06852623 -0.02880018 -0.02673448  0.03350728  0.03533264] right_ee=[0.04399619 0.04399973]
step=40 env=0 left_arm=[-0.01776673  1.908171    1.42506    -1.244104   -0.08234     1.9220484 ] left_ee=[0. 0.] right_arm=[-0.0157777  -0.06924526 -0.02994216 -0.02634349  0.03556003  0.03684861] right_ee=[0.04399706 0.04399943]
step=41 env=0 left_arm=[-0.02320248  1.9087701   1.4429362  -1.2591527  -0.08522185  1.9162068 ] left_ee=[0. 0.] right_arm=[-0.01529727 -0.07036421 -0.02511445 -0.02835902  0.03850344  0.03172917] right_ee=[0.04399879 0.04399912]
step=42 env=0 left_arm=[-0.02215998  1.904768    1.4346852  -1.2592932  -0.07993269  1.9095398 ] left_ee=[0. 0.] right_arm=[-0.01673222 -0.06589134 -0.02810991 -0.02827885  0.03600761  0.03243226] right_ee=[0.04399888 0.04399918]
step=43 env=0 left_arm=[-0.02498358  1.9010704   1.4534941  -1.2899834  -0.08650066  1.9102336 ] left_ee=[0. 0.] right_arm=[-0.01684636 -0.06643895 -0.03217164 -0.04069192  0.03342776  0.03241261] right_ee=[0.04399923 0.04399888]
step=44 env=0 left_arm=[-0.02997843  1.885045    1.4623984  -1.3042965  -0.08628081  1.8902133 ] left_ee=[0. 0.] right_arm=[-0.01360429 -0.06540853 -0.02355072 -0.05339333  0.03305674  0.02997679] right_ee=[0.04399801 0.04399659]
step=45 env=0 left_arm=[-0.02859112  1.8960202   1.4516286  -1.2866746  -0.08374032  1.8939037 ] left_ee=[0. 0.] right_arm=[-0.0145356  -0.07434785 -0.03627873 -0.03834098  0.02704054  0.03946182] right_ee=[0.04399806 0.04399718]
step=46 env=0 left_arm=[-0.02736113  1.8863082   1.475586   -1.3099118  -0.08602194  1.8847703 ] left_ee=[0. 0.] right_arm=[-0.01263429 -0.0809645  -0.03279198 -0.0534477   0.02809578  0.03539033] right_ee=[0.04399971 0.04399614]
step=47 env=0 left_arm=[-0.02538747  1.8748912   1.4866967  -1.3387308  -0.09591464  1.8668714 ] left_ee=[0. 0.] right_arm=[-0.01000868 -0.07489923 -0.02732934 -0.07073605  0.02671142  0.03003574] right_ee=[0.04399986 0.04399685]
step=48 env=0 left_arm=[-0.03021105  1.8853607   1.4826504  -1.3447739  -0.07872532  1.8536664 ] left_ee=[0. 0.] right_arm=[-0.01087989 -0.06418807 -0.03332651 -0.07333978  0.03002238  0.01654869] right_ee=[0.04399705 0.04399369]
step=49 env=0 left_arm=[-0.02533241  1.8811096   1.510356   -1.3492174  -0.06328255  1.8405229 ] left_ee=[0. 0.] right_arm=[-0.00873242 -0.06362541 -0.02737501 -0.06805394  0.03343922  0.01192832] right_ee=[0.04399429 0.04399971]
step=50 env=0 left_arm=[-0.02509617  1.8738049   1.5048443  -1.3548287  -0.05555794  1.8255517 ] left_ee=[0. 0.] right_arm=[-0.00587963 -0.06932259 -0.02916763 -0.08910016  0.03612833  0.00937777] right_ee=[0.04399636 0.04399879]
step=51 env=0 left_arm=[-0.01931147  1.9268299   1.6360016  -1.419738   -0.01776903  1.7299006 ] left_ee=[3.235854e-07 3.850789e-06] right_arm=[-0.00252547 -0.08472864 -0.03621245  0.00968659  0.02656548  0.00189436] right_ee=[0.04399393 0.04399115]
step=52 env=0 left_arm=[-1.8366216e-02  1.9318688e+00  1.6497145e+00 -1.4147013e+00
  3.7331352e-04  1.7049941e+00] left_ee=[0.0000000e+00 1.8059134e-07] right_arm=[-0.00149003 -0.08905854 -0.03619052  0.01775878  0.03034093 -0.00210835] right_ee=[0.0439978  0.04398668]
step=53 env=0 left_arm=[-0.02766848  1.9293478   1.6403668  -1.3942165   0.01872499  1.6745198 ] left_ee=[0. 0.] right_arm=[-0.00159211 -0.09175595 -0.03615168  0.0155344   0.03262601 -0.00507797] right_ee=[0.04399825 0.04399493]
step=54 env=0 left_arm=[-0.0333992   1.9264628   1.62979    -1.3656169   0.04486324  1.636685  ] left_ee=[0.0000000e+00 3.3459585e-07] right_arm=[-0.00241945 -0.09190428 -0.03615177  0.0118017   0.03339309 -0.00838797] right_ee=[0.04399826 0.04399842]
step=55 env=0 left_arm=[-0.04036405  1.90959     1.5898561  -1.316043    0.07948647  1.5904194 ] left_ee=[0.000000e+00 4.985035e-07] right_arm=[-0.00597871 -0.09366768 -0.03612529  0.00720629  0.042655   -0.00773079] right_ee=[0.0439911  0.04399676]
step=56 env=0 left_arm=[-0.04182556  1.9027278   1.5769422  -1.2707826   0.11861792  1.5577965 ] left_ee=[0.0000000e+00 5.6073577e-07] right_arm=[-0.00461076 -0.10164512 -0.03604198  0.00702363  0.03798101 -0.01445905] right_ee=[0.04398433 0.04399611]
step=57 env=0 left_arm=[-0.04824239  1.8785727   1.5176625  -1.1658025   0.18212897  1.4873263 ] left_ee=[0.0000000e+00 2.2645493e-06] right_arm=[-0.00671988 -0.1177265  -0.03592263  0.00909929  0.05019399 -0.01052228] right_ee=[0.04399054 0.0439881 ]
step=58 env=0 left_arm=[-0.05277113  1.8641987   1.4932864  -1.1104103   0.21122132  1.4509653 ] left_ee=[0.0000000e+00 4.7020083e-07] right_arm=[-0.00336257 -0.115844   -0.03593074  0.0107373   0.04495893 -0.01012156] right_ee=[0.04398223 0.0439938 ]
step=59 env=0 left_arm=[-0.06553839  1.8522625   1.4504316  -1.0223359   0.2690984   1.3822162 ] left_ee=[0.0000000e+00 1.3510298e-06] right_arm=[-0.0058083  -0.1210156  -0.03587119  0.00874457  0.04416664 -0.01101448] right_ee=[0.04399632 0.04398687]
step=60 env=0 left_arm=[-0.07449301  1.837255    1.4052515  -0.9271209   0.3221552   1.3087959 ] left_ee=[0.0000000e+00 1.5742933e-06] right_arm=[-0.00294666 -0.1232663  -0.03587017  0.00896867  0.04364514 -0.00780846] right_ee=[0.04399425 0.04399709]
step=61 env=0 left_arm=[-0.07932334  1.8282714   1.3626952  -0.817957    0.3773707   1.2346019 ] left_ee=[0.0000000e+00 1.8525631e-06] right_arm=[-0.00533972 -0.14091717 -0.03584996  0.00804908  0.05768159 -0.00407663] right_ee=[0.04398926 0.04399112]
step=62 env=0 left_arm=[-0.09929612  1.8085058   1.2982389  -0.66982967  0.46319455  1.1398294 ] left_ee=[0.0000000e+00 1.3908884e-06] right_arm=[-0.00551551 -0.14440806 -0.03589221  0.00696791  0.06757536  0.00389117] right_ee=[0.04398634 0.04399917]
step=63 env=0 left_arm=[-0.11213189  1.8036994   1.2762822  -0.61414504  0.48766372  1.0863163 ] left_ee=[0.0000000e+00 1.3554595e-07] right_arm=[-0.00514786 -0.13938077 -0.03589634  0.01233972  0.06258643  0.00578333] right_ee=[0.0439848  0.04399662]
step=64 env=0 left_arm=[-0.11677479  1.7936556   1.2324159  -0.51264656  0.5440314   1.0283192 ] left_ee=[0.0000000e+00 3.2762344e-07] right_arm=[-0.00553956 -0.1534821  -0.03582936 -0.00423394  0.07928407  0.01312394] right_ee=[0.04398979 0.04398971]
step=65 env=0 left_arm=[-0.13190703  1.7792675   1.1959114  -0.42047697  0.58949006  0.94531447] left_ee=[0.000000e+00 7.031321e-07] right_arm=[-0.00532829 -0.14820546 -0.03594034  0.0041654   0.06774519  0.01505693] right_ee=[0.04398147 0.04399307]
step=66 env=0 left_arm=[-0.14373952  1.7716019   1.1676888  -0.33893746  0.631072    0.8983433 ] left_ee=[0. 0.] right_arm=[-0.00729162 -0.13649985 -0.03591545  0.00786941  0.07109702  0.01864453] right_ee=[0.04399562 0.04398537]
step=67 env=0 left_arm=[-0.17249465  1.7544081   1.1157072  -0.22477427  0.6874919   0.8004607 ] left_ee=[0.000000e+00 8.363849e-07] right_arm=[-0.00428932 -0.12999243 -0.03593864 -0.00016753  0.06628595  0.01874807] right_ee=[0.0439912  0.04399456]
step=68 env=0 left_arm=[-0.180463    1.7498114   1.08891    -0.13341992  0.7295395   0.74091315] left_ee=[0. 0.] right_arm=[-0.00822899 -0.1412596  -0.03581886 -0.01568308  0.08660839  0.01735071] right_ee=[0.0439842  0.04398658]
step=69 env=0 left_arm=[-0.18800455  1.7404468   1.0585865  -0.05214279  0.7692467   0.67919457] left_ee=[0.0000000e+00 1.3061689e-08] right_arm=[-0.00615518 -0.13654968 -0.03585856 -0.01365834  0.07789927  0.0212927 ] right_ee=[0.04397219 0.04399288]
step=70 env=0 left_arm=[-0.1955418   1.7270792   1.0344414   0.00411502  0.7924103   0.63745546] left_ee=[0. 0.] right_arm=[-0.00942423 -0.13537136 -0.03589638 -0.01270153  0.07427961  0.02311409] right_ee=[0.04399154 0.04398414]
step=71 env=0 left_arm=[-0.20053108  1.7227589   1.0182098   0.04660249  0.81955427  0.60234076] left_ee=[0. 0.] right_arm=[-0.01212129 -0.1484852  -0.03578993 -0.03329381  0.08588414  0.01482536] right_ee=[0.04399027 0.04399003]
step=72 env=0 left_arm=[-0.21050698  1.7097046   0.9942067   0.11340114  0.85313225  0.54460186] left_ee=[0. 0.] right_arm=[-0.01215116 -0.13802855 -0.03583314 -0.03420195  0.0810961   0.01764859] right_ee=[0.04398334 0.04399714]
step=73 env=0 left_arm=[-0.21968214  1.7103473   0.98629093  0.15757848  0.86931473  0.5154965 ] left_ee=[0. 0.] right_arm=[-0.00986575 -0.12981948 -0.03584476 -0.01815008  0.07302321  0.02014913] right_ee=[0.04399006 0.04399281]
step=74 env=0 left_arm=[-0.2374132   1.6824163   0.94011176  0.24918595  0.90020144  0.43394634] left_ee=[0. 0.] right_arm=[-0.01162651 -0.13103317 -0.03581511 -0.03699436  0.07373429  0.01590832] right_ee=[0.04399729 0.04398706]
step=75 env=0 left_arm=[-0.24167947  1.6636918   0.925753    0.2739617   0.89969397  0.41170835] left_ee=[0. 0.] right_arm=[-0.01138124 -0.13053071 -0.03587783 -0.03616045  0.07483452  0.01532994] right_ee=[0.04399604 0.04399653]
step=76 env=0 left_arm=[-0.24510352  1.6596379   0.91640437  0.30643022  0.910827    0.39371282] left_ee=[0. 0.] right_arm=[-0.01367232 -0.13331991 -0.03581405 -0.04545962  0.08160214  0.01351248] right_ee=[0.04399358 0.04399574]
step=77 env=0 left_arm=[-0.25717166  1.6562445   0.90775067  0.33183852  0.9234733   0.37073937] left_ee=[0. 0.] right_arm=[-0.01092697 -0.12368739 -0.03581648 -0.04712867  0.07258926  0.01102924] right_ee=[0.04398679 0.04399214]
step=78 env=0 left_arm=[-0.26807916  1.639953    0.8867945   0.381856    0.9348139   0.32681143] left_ee=[0. 0.] right_arm=[-0.0092732  -0.11851353 -0.0358189  -0.05145228  0.06847692  0.00987951] right_ee=[0.04399816 0.0439887 ]
step=79 env=0 left_arm=[-0.27135462  1.6319844   0.88501763  0.38591394  0.9267746   0.31469545] left_ee=[0. 0.] right_arm=[-0.00472005 -0.09843899 -0.03581395 -0.03449974  0.05595127  0.01403783] right_ee=[0.04399817 0.04398838]
step=80 env=0 left_arm=[-0.28905192  1.6274915   0.87064964  0.44526744  0.9537002   0.27258125] left_ee=[0. 0.] right_arm=[-0.00048741 -0.06453387 -0.03578709 -0.00910272  0.01986637  0.01699327] right_ee=[0.044      0.04397655]
step=81 env=0 left_arm=[-0.29642266  1.6041982   0.8516839   0.47368506  0.9475168   0.243988  ] left_ee=[0. 0.] right_arm=[ 0.00066806 -0.05751206 -0.03570136 -0.01343998  0.02186065  0.01941501] right_ee=[0.04399762 0.04396717]
step=82 env=0 left_arm=[-0.30534044  1.5851794   0.83831984  0.49721763  0.9482916   0.21576458] left_ee=[0. 0.] right_arm=[ 0.0078244  -0.03196717 -0.03161172 -0.00587304  0.00361335  0.02099733] right_ee=[0.04399242 0.04398315]
step=83 env=0 left_arm=[-0.30622163  1.5675156   0.8164437   0.5158874   0.95128167  0.20106335] left_ee=[0. 0.] right_arm=[ 0.00798883 -0.02822626 -0.03453424 -0.01344462  0.00873489  0.02713483] right_ee=[0.04399623 0.04397404]
step=84 env=0 left_arm=[-0.32128268  1.5511665   0.80191565  0.5605813   0.96333903  0.15495043] left_ee=[0. 0.] right_arm=[ 0.0190618   0.01612225 -0.00910843  0.00688563 -0.0331173   0.02588035] right_ee=[0.04398786 0.0439669 ]
step=85 env=0 left_arm=[-0.32656023  1.5577229   0.8006924   0.5733362   0.9751935   0.15117793] left_ee=[0. 0.] right_arm=[ 0.02807256  0.07334688  0.0153116   0.0409394  -0.0780191   0.03910816] right_ee=[0.044      0.04396852]
step=86 env=0 left_arm=[-0.33081502  1.5449258   0.79238015  0.58412164  0.97226053  0.14532372] left_ee=[0. 0.] right_arm=[ 0.03800562  0.12870765  0.0426989   0.06484463 -0.11232797  0.04616109] right_ee=[0.044      0.04397322]
step=87 env=0 left_arm=[-0.34503433  1.5428498   0.7922842   0.61714363  0.9910912   0.1221216 ] left_ee=[0. 0.] right_arm=[ 0.05196754  0.18716852  0.06583897  0.09224167 -0.16144155  0.04796372] right_ee=[0.044      0.04396382]
step=88 env=0 left_arm=[-0.34977865  1.5438514   0.7960257   0.616491    1.0040429   0.12423002] left_ee=[0. 0.] right_arm=[ 0.07850549  0.3293121   0.13761993  0.17585275 -0.2749792   0.05537046] right_ee=[0.044      0.04393634]
step=89 env=0 left_arm=[-0.3558216   1.5363219   0.78867185  0.6426757   1.0223731   0.1068396 ] left_ee=[0. 0.] right_arm=[ 0.10366391  0.46125865  0.19587798  0.2610009  -0.38561884  0.06431124] right_ee=[0.044      0.04394823]
step=90 env=0 left_arm=[-0.3600983   1.5209781   0.78143966  0.6646051   1.0297531   0.08609141] left_ee=[0. 0.] right_arm=[ 0.13418676  0.616553    0.27310064  0.35734734 -0.5068135   0.07484978] right_ee=[0.044      0.04395875]
step=91 env=0 left_arm=[-0.37228838  1.5376157   0.7865268   0.6864092   1.0554729   0.08101258] left_ee=[0. 0.] right_arm=[ 0.16475509  0.7712989   0.34325305  0.45112547 -0.62689674  0.08302519] right_ee=[0.04398059 0.04393464]
step=92 env=0 left_arm=[-0.37175363  1.5233983   0.7812096   0.68688977  1.0533146   0.07862683] left_ee=[0. 0.] right_arm=[ 0.19156     0.8951475   0.4113453   0.53063506 -0.73716825  0.08397385] right_ee=[0.044      0.04398568]
step=93 env=0 left_arm=[-0.36445186  1.5123469   0.77191895  0.6875315   1.0453383   0.07519599] left_ee=[0. 0.] right_arm=[ 0.20819828  0.98543817  0.45548663  0.5953519  -0.80681586  0.08988453] right_ee=[0.044      0.04399883]
step=94 env=0 left_arm=[-0.3716908   1.511       0.7632239   0.72102267  1.0608037   0.05419468] left_ee=[0. 0.] right_arm=[ 0.22184879  1.0449564   0.48356542  0.6321955  -0.8487725   0.08967841] right_ee=[0.044      0.04399966]
step=95 env=0 left_arm=[-0.36670518  1.5145918   0.75739634  0.7242272   1.0684872   0.05688534] left_ee=[0. 0.] right_arm=[ 0.24768427  1.1662701   0.5373209   0.72079986 -0.9445551   0.09451819] right_ee=[0.044 0.044]
step=96 env=0 left_arm=[-0.37419847  1.5314695   0.7551942   0.763703    1.0904223   0.04678379] left_ee=[0. 0.] right_arm=[ 0.26838493  1.2484112   0.57401913  0.7677286  -0.99344826  0.09617966] right_ee=[0.04382657 0.04382086]
step=97 env=0 left_arm=[-0.3735417   1.5255945   0.75046474  0.76941264  1.0892395   0.04546086] left_ee=[0. 0.] right_arm=[ 0.27348143  1.274653    0.58898413  0.782549   -1.0113355   0.09483863] right_ee=[0.0438124  0.04383226]
step=98 env=0 left_arm=[-0.37113142  1.4967862   0.7304712   0.76576436  1.0786774   0.04453851] left_ee=[0. 0.] right_arm=[ 0.28308347  1.3057686   0.6039328   0.8016839  -1.0287333   0.09197208] right_ee=[0.04364932 0.04366271]
step=99 env=0 left_arm=[-0.36920878  1.4979956   0.72774625  0.770302    1.0754848   0.04163648] left_ee=[0. 0.] right_arm=[ 0.28945017  1.3391278   0.6184969   0.816949   -1.0461859   0.09515363] right_ee=[0.04339413 0.04338988]
step=100 env=0 left_arm=[-0.36809334  1.4834335   0.7039676   0.7826127   1.0767336   0.02933851] left_ee=[0. 0.] right_arm=[ 0.29072025  1.3383311   0.61238176  0.8174225  -1.0444165   0.09956075] right_ee=[0.0433192  0.04334994]
step=101 env=0 left_arm=[-0.3905295   1.6526376   0.8142593   0.68327296  1.2503028   0.12821746] left_ee=[9.798911e-06 8.152350e-06] right_arm=[ 0.34367335  1.5253961   0.7400138   1.0058997  -1.2288722   0.08784936] right_ee=[0.03521603 0.03545687]
step=102 env=0 left_arm=[-0.39773363  1.6848657   0.8271898   0.68492323  1.2829181   0.13728708] left_ee=[0. 0.] right_arm=[ 0.35630685  1.6976279   0.7568445   1.0932341  -1.2937049   0.09160549] right_ee=[0.02725375 0.02726379]
step=103 env=0 left_arm=[-0.39838526  1.6930983   0.83101004  0.686456    1.2812829   0.13672195] left_ee=[0. 0.] right_arm=[ 0.36144623  1.7309499   0.758973    1.1087629  -1.3046445   0.09895682] right_ee=[0.0198734  0.02004582]
step=104 env=0 left_arm=[-0.39856327  1.6918386   0.8319249   0.6901408   1.2787437   0.13763867] left_ee=[0. 0.] right_arm=[ 0.36265054  1.7377859   0.75856125  1.1140445  -1.311256    0.10485212] right_ee=[0.01520429 0.01528495]
step=105 env=0 left_arm=[-0.39880747  1.6831295   0.83225256  0.68480754  1.272219    0.13565135] left_ee=[0. 0.] right_arm=[ 0.365045    1.741765    0.75799423  1.1200199  -1.3120077   0.10658427] right_ee=[0.01221795 0.01224906]
step=106 env=0 left_arm=[-0.39931932  1.6750795   0.831196    0.686674    1.2675629   0.12947491] left_ee=[0. 0.] right_arm=[ 0.36845273  1.7432696   0.7565173   1.1198124  -1.313426    0.10797233] right_ee=[0.01017772 0.01089084]
step=107 env=0 left_arm=[-0.39878452  1.6659743   0.83035535  0.6818219   1.255728    0.1357855 ] left_ee=[0. 0.] right_arm=[ 0.36910266  1.7347324   0.7540119   1.1134208  -1.3021535   0.11017576] right_ee=[0.00908301 0.0108088 ]
step=108 env=0 left_arm=[-0.39604917  1.6562712   0.83173263  0.66469264  1.2425132   0.13976479] left_ee=[0. 0.] right_arm=[ 0.37072355  1.7374963   0.7513118   1.1058846  -1.2968352   0.10977589] right_ee=[0.0089284  0.01206927]
step=109 env=0 left_arm=[-0.39514932  1.6500692   0.8309913   0.66888773  1.2393636   0.13355024] left_ee=[0. 0.] right_arm=[ 0.37518808  1.7460709   0.7553591   1.107813   -1.2972468   0.10763312] right_ee=[0.00851325 0.01291662]
step=110 env=0 left_arm=[-0.39221063  1.6434897   0.8319663   0.6475815   1.2251065   0.13856761] left_ee=[0. 0.] right_arm=[ 0.37388295  1.7394859   0.753534    1.0936075  -1.2902899   0.103962  ] right_ee=[0.00852654 0.01349696]
step=111 env=0 left_arm=[-0.38839537  1.6309992   0.8281137   0.6329025   1.2069579   0.14435327] left_ee=[0. 0.] right_arm=[ 0.37377155  1.7354882   0.748239    1.0767956  -1.2781482   0.09943864] right_ee=[0.009042   0.01299237]
step=112 env=0 left_arm=[-0.3871847   1.6387026   0.83196557  0.63402665  1.2084914   0.14826494] left_ee=[0. 0.] right_arm=[ 0.372911    1.7483937   0.7574424   1.0767049  -1.2834218   0.09223355] right_ee=[0.00956585 0.01305718]
step=113 env=0 left_arm=[-0.39390892  1.642227    0.8415141   0.6487656   1.2288914   0.13755722] left_ee=[0. 0.] right_arm=[ 0.38008237  1.7636055   0.75161785  1.0991724  -1.2963519   0.1179523 ] right_ee=[0.0108383  0.01445623]
step=114 env=0 left_arm=[-0.39473394  1.6493635   0.844707    0.66033614  1.2319552   0.13139492] left_ee=[0. 0.] right_arm=[ 0.3809236   1.768586    0.7542943   1.1066391  -1.304195    0.12078931] right_ee=[0.01175334 0.01312714]
step=115 env=0 left_arm=[-0.39312515  1.6437207   0.84609073  0.6495196   1.2245919   0.13816598] left_ee=[0. 0.] right_arm=[ 0.37767047  1.7718097   0.751862    1.0895714  -1.3024739   0.1168658 ] right_ee=[0.01254011 0.01307178]
step=116 env=0 left_arm=[-0.39405444  1.6399187   0.8529744   0.63505393  1.2161839   0.14274028] left_ee=[0. 0.] right_arm=[ 0.37193403  1.7570585   0.74403465  1.072903   -1.2957869   0.11849406] right_ee=[0.01336594 0.01358955]
step=117 env=0 left_arm=[-0.3964804   1.6538149   0.85594004  0.65345836  1.2322335   0.14239274] left_ee=[0. 0.] right_arm=[ 0.371542   1.7745153  0.7488918  1.0731416 -1.3060007  0.1138525] right_ee=[0.0134903  0.01355962]
step=118 env=0 left_arm=[-0.3939623   1.6642568   0.8719063   0.65373445  1.2411314   0.14545342] left_ee=[8.779203e-06 3.317984e-08] right_arm=[ 0.36301148  1.7643012   0.7437103   1.0691981  -1.3066555   0.11772148] right_ee=[0.01404785 0.01408746]
step=119 env=0 left_arm=[-0.3936899   1.6687624   0.8685533   0.6689835   1.2490395   0.13786836] left_ee=[9.9626224e-05 7.8544617e-05] right_arm=[ 0.3630572   1.7691544   0.74448305  1.0742105  -1.3130132   0.11956329] right_ee=[0.01446057 0.01447558]
step=120 env=0 left_arm=[-0.3926765   1.6838032   0.8796988   0.68671685  1.268608    0.13205127] left_ee=[0.00172151 0.00173591] right_arm=[ 0.3557158   1.7679104   0.7420801   1.0812691  -1.3237362   0.12430792] right_ee=[0.01515294 0.01515143]
step=121 env=0 left_arm=[-0.3890746   1.6829827   0.8758617   0.6890292   1.2649      0.13691795] left_ee=[0.00306394 0.0030576 ] right_arm=[ 0.35088274  1.7622695   0.7387924   1.0708958  -1.3192859   0.11859357] right_ee=[0.01581546 0.01580804]
step=122 env=0 left_arm=[-0.38854942  1.6832138   0.8749969   0.69683707  1.2757264   0.1300904 ] left_ee=[0.00396314 0.00394903] right_arm=[ 0.3514849   1.7702092   0.7458633   1.0688605  -1.3262054   0.11337946] right_ee=[0.01597789 0.01597153]
step=123 env=0 left_arm=[-0.38278195  1.6842988   0.87354964  0.688499    1.2675649   0.14026779] left_ee=[0.00514412 0.0051666 ] right_arm=[ 0.34187448  1.7575998   0.7397749   1.0578252  -1.3228123   0.10796239] right_ee=[0.01689281 0.01689611]
step=124 env=0 left_arm=[-0.38150814  1.6854924   0.8810679   0.7027898   1.2770402   0.13694724] left_ee=[0.00644309 0.00643739] right_arm=[ 0.341403    1.7626762   0.7416624   1.0698391  -1.3287246   0.11552364] right_ee=[0.01718474 0.01718592]
step=125 env=0 left_arm=[-0.3722339   1.672777    0.86962974  0.6988905   1.2627931   0.13989751] left_ee=[0.00757202 0.00756785] right_arm=[ 0.32890952  1.7512975   0.74077755  1.0478753  -1.3223164   0.09945524] right_ee=[0.01772789 0.01770931]
step=126 env=0 left_arm=[-0.3625588   1.6652969   0.8737004   0.6727857   1.2418351   0.15725724] left_ee=[0.00881287 0.00883753] right_arm=[ 0.31913552  1.7300963   0.7339453   1.0252317  -1.3040245   0.09147274] right_ee=[0.01782351 0.01783423]
step=127 env=0 left_arm=[-0.35405818  1.6607368   0.87395835  0.6520128   1.223375    0.17161314] left_ee=[0.00984696 0.00983869] right_arm=[ 0.31300357  1.7141066   0.73009354  0.9989369  -1.2864819   0.0766953 ] right_ee=[0.01774335 0.01775185]
step=128 env=0 left_arm=[-0.34504646  1.6542275   0.87700754  0.62866503  1.196059    0.18481018] left_ee=[0.01124847 0.01124481] right_arm=[ 0.30484468  1.6967863   0.72997445  0.9778185  -1.2654048   0.06654646] right_ee=[0.01729518 0.01729543]
step=129 env=0 left_arm=[-0.33000088  1.6274077   0.8790521   0.60145366  1.1599487   0.19709247] left_ee=[0.01215717 0.01214526] right_arm=[ 0.28933746  1.6579616   0.71640307  0.9461434  -1.2377323   0.06277543] right_ee=[0.01758535 0.0176122 ]
step=130 env=0 left_arm=[-0.314088    1.6123427   0.8836315   0.53523326  1.1136591   0.23346184] left_ee=[0.0131597 0.0131471] right_arm=[ 0.27605662  1.6147956   0.70571285  0.8934935  -1.1927357   0.039156  ] right_ee=[0.01742326 0.01743719]
step=131 env=0 left_arm=[-0.29660878  1.5860665   0.8837507   0.4758777   1.0533668   0.26336423] left_ee=[0.01406464 0.01403817] right_arm=[ 0.25849995  1.547355    0.6913111   0.82161695 -1.1358118   0.01507827] right_ee=[0.01743431 0.01747668]
step=132 env=0 left_arm=[-0.27705592  1.5616158   0.8886399   0.45040315  1.0079306   0.2771147 ] left_ee=[0.01476708 0.01474716] right_arm=[ 0.24406448  1.5228226   0.6936739   0.79063743 -1.0977855  -0.00492409] right_ee=[0.01722286 0.01721521]
step=133 env=0 left_arm=[-0.25245458  1.5214528   0.9002661   0.35503554  0.91946     0.320612  ] left_ee=[0.01510287 0.01508625] right_arm=[ 0.2235093   1.4359659   0.66440856  0.71046686 -1.022795   -0.02149453] right_ee=[0.01760297 0.01769548]
step=134 env=0 left_arm=[-0.2311023   1.4831429   0.9114448   0.25764695  0.8458139   0.36209422] left_ee=[0.01574713 0.01567699] right_arm=[ 0.20008563  1.3567232   0.64070237  0.62670034 -0.94428295 -0.05006468] right_ee=[0.01797025 0.01801914]
step=135 env=0 left_arm=[-0.20611638  1.447096    0.9146519   0.20305367  0.77449083  0.38803124] left_ee=[0.01639404 0.01635783] right_arm=[ 0.18340905  1.2992048   0.62745804  0.56950796 -0.8879149  -0.0767455 ] right_ee=[0.0181546  0.01820774]
step=136 env=0 left_arm=[-0.16943206  1.3939955   0.9368212   0.02473689  0.63380057  0.47594225] left_ee=[0.01656151 0.01642956] right_arm=[ 0.14110295  1.1738225   0.5963645   0.41621983 -0.7607402  -0.15137315] right_ee=[0.01885421 0.01892419]
step=137 env=0 left_arm=[-0.11842934  1.3307581   0.95962876 -0.15810902  0.48443815  0.5766911 ] left_ee=[0.01706593 0.01689298] right_arm=[ 0.10055868  1.0019975   0.54215044  0.25658968 -0.6040781  -0.20131609] right_ee=[0.01962117 0.01986862]
step=138 env=0 left_arm=[-0.08793834  1.2878087   0.97414595 -0.29430693  0.38268372  0.6334577 ] left_ee=[0.01731428 0.01714757] right_arm=[ 0.07546681  0.94683295  0.54007375  0.17637545 -0.52018625 -0.255786  ] right_ee=[0.0202875  0.02039383]
step=139 env=0 left_arm=[-0.07806201  1.2737019   0.98688424 -0.3397917   0.35278097  0.6589958 ] left_ee=[0.01715998 0.0170425 ] right_arm=[ 0.06597105  0.89599574  0.51823324  0.13104382 -0.48123935 -0.26245818] right_ee=[0.02082258 0.02098324]
step=140 env=0 left_arm=[-0.05619535  1.2461292   0.99146485 -0.43721765  0.2998114   0.70568573] left_ee=[0.01745088 0.01738466] right_arm=[ 0.04522152  0.84865785  0.50834334  0.04399019 -0.41286767 -0.2988622 ] right_ee=[0.02113275 0.02118311]
step=141 env=0 left_arm=[-0.03296725  1.1991391   0.9994148  -0.54784703  0.20569819  0.7610138 ] left_ee=[0.017228   0.01725038] right_arm=[ 0.02502358  0.77636445  0.5041156  -0.06125986 -0.33014253 -0.35768422] right_ee=[0.02153298 0.021584  ]
step=142 env=0 left_arm=[-0.00571139  1.1620183   1.0038494  -0.6460731   0.12982337  0.81610125] left_ee=[0.01746276 0.01746258] right_arm=[ 0.00214103  0.6644792   0.46722028 -0.14564791 -0.24114713 -0.3769966 ] right_ee=[0.02257927 0.02267567]
step=143 env=0 left_arm=[-3.2689155e-04  1.1506310e+00  9.9063438e-01 -6.7776322e-01
  1.0014820e-01  8.3296984e-01] left_ee=[0.01748047 0.01741279] right_arm=[-0.00285797  0.62890065  0.4568778  -0.16947308 -0.22427998 -0.39461625] right_ee=[0.02336391 0.02346315]
step=144 env=0 left_arm=[ 0.009493    1.1230501   0.97409314 -0.6992149   0.07580796  0.84340024] left_ee=[0.0176324  0.01764077] right_arm=[-0.01425175  0.61043984  0.44986936 -0.2031743  -0.18442976 -0.4097974 ] right_ee=[0.02399056 0.02402686]
step=145 env=0 left_arm=[ 0.05044839  1.0867469   1.0094938  -0.8493991  -0.01772584  0.9437606 ] left_ee=[0.01754199 0.01766994] right_arm=[-0.03627646  0.487453    0.41615307 -0.29551792 -0.08248762 -0.4443839 ] right_ee=[0.02506455 0.02510494]
step=146 env=0 left_arm=[ 0.04354925  1.0674987   0.9807583  -0.84873277 -0.0100247   0.92864525] left_ee=[0.01762694 0.01756779] right_arm=[-0.03640563  0.4782559   0.40073022 -0.30724725 -0.07455147 -0.43647304] right_ee=[0.02553211 0.02566122]
step=147 env=0 left_arm=[ 0.05204749  1.0376277   0.9609131  -0.87542605 -0.04322387  0.94936866] left_ee=[0.01774761 0.01778539] right_arm=[-0.04555903  0.438417    0.39692643 -0.3450052  -0.03595766 -0.46634823] right_ee=[0.02635288 0.02635132]
step=148 env=0 left_arm=[ 0.04458035  1.0235008   0.91731465 -0.8264493  -0.03202584  0.9285989 ] left_ee=[0.01801465 0.01800047] right_arm=[-0.04305261  0.4475135   0.38354626 -0.3294478  -0.04043311 -0.46564823] right_ee=[0.02655594 0.02663306]
step=149 env=0 left_arm=[ 0.0681875   1.0012047   0.92064387 -0.8771932  -0.06541269  0.97847855] left_ee=[0.01855725 0.01864121] right_arm=[-0.04618149  0.4150138   0.36720017 -0.34544548 -0.01623471 -0.46077755] right_ee=[0.02732694 0.02733528]
step=150 env=0 left_arm=[ 0.06730097  0.9867104   0.8931902  -0.8562819  -0.06999247  0.97073776] left_ee=[0.01897317 0.01896105] right_arm=[-0.04162956  0.3967323   0.34657052 -0.32802802 -0.01619074 -0.4584919 ] right_ee=[0.02785986 0.02789061]
step=151 env=0 left_arm=[ 0.01939338  1.1783894   1.0838807  -1.0405308   0.10764264  1.1663165 ] left_ee=[0.02685271 0.02666009] right_arm=[-0.00679794  0.20815599  0.1585393  -0.1346925  -0.01392431 -0.2605425 ] right_ee=[0.03446515 0.03438205]
step=152 env=0 left_arm=[ 0.00639597  1.3738966   1.2467146  -1.062373    0.15062486  1.3348914 ] left_ee=[0.03138005 0.03162716] right_arm=[-0.00355619  0.10284944  0.03371792 -0.00696703 -0.01218386 -0.0706597 ] right_ee=[0.0386014  0.03839109]
step=153 env=0 left_arm=[-0.00171587  1.5535755   1.2271187  -1.0460942   0.15554334  1.3183103 ] left_ee=[0.03314526 0.03249719] right_arm=[-0.00077524  0.09493389  0.02556662 -0.00087397  0.00124019  0.01437218] right_ee=[0.04086762 0.04074607]
step=154 env=0 left_arm=[-0.00496762  1.6126089   1.1936091  -1.0293003   0.15679021  1.2711284 ] left_ee=[0.03302461 0.03260817] right_arm=[ 0.00293419  0.11491755  0.0356166  -0.00741388  0.00088317  0.02599536] right_ee=[0.04214229 0.04210957]
step=155 env=0 left_arm=[-0.00893049  1.601979    1.1686362  -1.010235    0.15782166  1.2297301 ] left_ee=[0.03180634 0.03167554] right_arm=[ 0.00689368  0.13203384  0.04290457 -0.01057221 -0.000366    0.02783115] right_ee=[0.04290251 0.04288734]
step=156 env=0 left_arm=[-0.01361206  1.5996219   1.1560117  -0.9982907   0.16520959  1.2202021 ] left_ee=[0.03042031 0.03038138] right_arm=[ 0.0076599   0.13364932  0.04685744 -0.0095332   0.00068981  0.03082319] right_ee=[0.04335506 0.04334075]
step=157 env=0 left_arm=[-0.02205816  1.5723858   1.1196401  -0.9722513   0.17310132  1.1782845 ] left_ee=[0.02837172 0.02832186] right_arm=[ 0.01272752  0.13963321  0.05337969 -0.0110405   0.00076453  0.03364933] right_ee=[0.04361574 0.04361584]
step=158 env=0 left_arm=[-0.02489639  1.5555278   1.0979915  -0.9575415   0.17514564  1.1590784 ] left_ee=[0.02641468 0.02643272] right_arm=[ 0.01722992  0.15135527  0.05677791 -0.01329384 -0.0002081   0.03326567] right_ee=[0.04377558 0.04377029]
step=159 env=0 left_arm=[-0.02933249  1.5597136   1.093501   -0.95119184  0.18202795  1.1564008 ] left_ee=[0.02448164 0.02451051] right_arm=[ 0.0186762   0.15276171  0.05621656 -0.00505724 -0.00529442  0.03469155] right_ee=[0.04387008 0.04386272]
step=160 env=0 left_arm=[-0.03320448  1.5488439   1.0836924  -0.95200306  0.17933229  1.1408074 ] left_ee=[0.02315095 0.02315201] right_arm=[ 0.02205123  0.16185188  0.06656427 -0.01894207 -0.00026239  0.02687562] right_ee=[0.04392727 0.04391689]
step=161 env=0 left_arm=[-0.0350709   1.5407567   1.0811821  -0.94529414  0.18235822  1.1224545 ] left_ee=[0.02175892 0.02179752] right_arm=[ 0.02523321  0.16535869  0.06689147 -0.02058867 -0.00250362  0.03206823] right_ee=[0.04395529 0.04395463]
step=162 env=0 left_arm=[-0.03879055  1.5334969   1.0651664  -0.9354596   0.18111473  1.112091  ] left_ee=[0.02052053 0.02049928] right_arm=[ 0.02716896  0.17389327  0.06924641 -0.02469532  0.0036818   0.02461621] right_ee=[0.04390961 0.04389917]
step=163 env=0 left_arm=[-0.03527488  1.5236249   1.0588294  -0.93687     0.17654808  1.0918853 ] left_ee=[0.01943264 0.01945403] right_arm=[ 0.02601863  0.17001727  0.06480927 -0.02816252  0.00798683  0.0292203 ] right_ee=[0.04371647 0.04371181]
step=164 env=0 left_arm=[-0.04220026  1.5258633   1.0646892  -0.9383493   0.18139577  1.0954545 ] left_ee=[0.01824122 0.0182591 ] right_arm=[ 0.02907392  0.1726046   0.06093676 -0.02896249  0.00107796  0.02741037] right_ee=[0.04351214 0.04352436]
step=165 env=0 left_arm=[-0.04063259  1.5087825   1.05414    -0.9352546   0.1805005   1.0765026 ] left_ee=[0.01717089 0.01716945] right_arm=[ 0.0283693   0.171358    0.06399885 -0.03279134  0.00430326  0.02989871] right_ee=[0.0432765  0.04326601]
step=166 env=0 left_arm=[-0.04123194  1.5226182   1.0562605  -0.93760014  0.18403593  1.083909  ] left_ee=[0.01653554 0.01654067] right_arm=[ 0.03013063  0.18427193  0.07145799 -0.03070375  0.00028911  0.02859855] right_ee=[0.04308544 0.04309088]
step=167 env=0 left_arm=[-0.04238137  1.5121527   1.0555183  -0.93410975  0.18277384  1.0708753 ] left_ee=[0.01614743 0.01616363] right_arm=[ 0.03066177  0.17847134  0.07032483 -0.03283569  0.00032176  0.03029311] right_ee=[0.04284926 0.04284336]
step=168 env=0 left_arm=[-0.04285314  1.5107298   1.0538098  -0.93493235  0.1840912   1.0656478 ] left_ee=[0.01535099 0.01534594] right_arm=[ 0.03134409  0.18295527  0.07269395 -0.03199905  0.00089488  0.03020844] right_ee=[0.04256479 0.04256216]
step=169 env=0 left_arm=[-0.0417627   1.5001156   1.0471883  -0.93256503  0.18166031  1.0502062 ] left_ee=[0.01465696 0.01465833] right_arm=[ 0.03186104  0.18185115  0.07432438 -0.03308463  0.00183657  0.03141353] right_ee=[0.04235054 0.04234904]
step=170 env=0 left_arm=[-0.04111073  1.4878544   1.0438879  -0.9366008   0.17796196  1.038533  ] left_ee=[0.01427314 0.01428043] right_arm=[ 0.03158479  0.17435238  0.07438427 -0.04203906  0.00684164  0.03033988] right_ee=[0.0422597  0.04225597]
step=171 env=0 left_arm=[-0.04317046  1.4924866   1.0469918  -0.93548805  0.17879534  1.0404371 ] left_ee=[0.0140071  0.01402212] right_arm=[ 0.03219875  0.17754118  0.07390197 -0.04090223  0.00055875  0.03177091] right_ee=[0.04216925 0.04217782]
step=172 env=0 left_arm=[-0.04206257  1.4796996   1.0429863  -0.9352676   0.17758827  1.0310156 ] left_ee=[0.01362535 0.01362753] right_arm=[ 0.0329753   0.1699434   0.07573812 -0.03974351  0.00241013  0.03121624] right_ee=[0.04194996 0.04194626]
step=173 env=0 left_arm=[-0.0442391   1.4917493   1.0456177  -0.93238056  0.17737648  1.033113  ] left_ee=[0.01334356 0.01334594] right_arm=[ 3.1857148e-02  1.7788404e-01  7.7916875e-02 -3.4246311e-02
 -1.2895868e-04  3.0751381e-02] right_ee=[0.04171779 0.04171615]
step=174 env=0 left_arm=[-0.04232902  1.4797862   1.041246   -0.9366539   0.17941946  1.0225048 ] left_ee=[0.01278214 0.01277335] right_arm=[ 0.0340256   0.17805056  0.0817906  -0.03626183 -0.00203097  0.03027074] right_ee=[0.04150764 0.04151031]
step=175 env=0 left_arm=[-0.03840727  1.4799674   1.0435675  -0.9401316   0.17467079  1.0207942 ] left_ee=[0.01244148 0.01246196] right_arm=[ 0.03300594  0.17306367  0.08041662 -0.04148807  0.0039109   0.03478876] right_ee=[0.04138238 0.04137201]
step=176 env=0 left_arm=[-0.03820584  1.4922588   1.0537454  -0.9502856   0.17656274  1.0284061 ] left_ee=[0.01234608 0.01234962] right_arm=[ 0.03502756  0.17097071  0.08009014 -0.03806329 -0.00085026  0.0368518 ] right_ee=[0.04129522 0.04130521]
step=177 env=0 left_arm=[-0.03997877  1.4815208   1.0479254  -0.94407356  0.17179665  1.0215372 ] left_ee=[0.01210987 0.01210084] right_arm=[ 3.3509523e-02  1.6608140e-01  8.1023462e-02 -4.1472781e-02
  2.9330755e-05  3.3193309e-02] right_ee=[0.04117464 0.04116695]
step=178 env=0 left_arm=[-0.0426921   1.480144    1.052788   -0.9512089   0.17364001  1.0148401 ] left_ee=[0.01193015 0.01193179] right_arm=[ 0.03610889  0.17148407  0.0849615  -0.04455346 -0.00235147  0.03339799] right_ee=[0.04102628 0.04103157]
step=179 env=0 left_arm=[-0.03785951  1.4705395   1.0449497  -0.94988644  0.16662642  1.0025469 ] left_ee=[0.0120774  0.01207919] right_arm=[ 0.03499886  0.16108157  0.08343019 -0.0455788  -0.00073699  0.03347441] right_ee=[0.04098447 0.04097675]
step=180 env=0 left_arm=[-0.03864697  1.470214    1.0499204  -0.9602871   0.17070194  1.0036545 ] left_ee=[0.01200603 0.01201006] right_arm=[ 0.03811589  0.16909024  0.0878218  -0.05082782 -0.00391532  0.03362522] right_ee=[0.04091876 0.04092468]
step=181 env=0 left_arm=[-0.03792843  1.4635442   1.0522345  -0.96633196  0.16439958  0.9929473 ] left_ee=[0.01191602 0.01193199] right_arm=[ 0.03623055  0.15783733  0.08596385 -0.0527517   0.00107767  0.03141138] right_ee=[0.04085981 0.04084822]
step=182 env=0 left_arm=[-0.03902122  1.4473526   1.0412074  -0.951157    0.16409045  0.98514724] left_ee=[0.01187176 0.01187243] right_arm=[ 0.03563181  0.1532513   0.08554216 -0.05352738  0.00139057  0.03036233] right_ee=[0.04082439 0.04082837]
step=183 env=0 left_arm=[-0.03940451  1.4533242   1.0490348  -0.9615978   0.165401    0.9816536 ] left_ee=[0.01163889 0.01164723] right_arm=[ 0.03858456  0.15812366  0.08908549 -0.05199985 -0.00420248  0.03273676] right_ee=[0.04069139 0.04070105]
step=184 env=0 left_arm=[-0.03814635  1.4241357   1.0384483  -0.9568335   0.15691829  0.956856  ] left_ee=[0.0116898  0.01169212] right_arm=[ 0.03894751  0.13770118  0.08221634 -0.06292451  0.001001    0.03173949] right_ee=[0.04070096 0.0406893 ]
step=185 env=0 left_arm=[-0.0365407   1.4225483   1.0294317  -0.95258033  0.15990445  0.9562697 ] left_ee=[0.01172553 0.01171774] right_arm=[ 0.03838848  0.14374395  0.09117669 -0.05985899  0.00109125  0.02998865] right_ee=[0.04062641 0.0406286 ]
step=186 env=0 left_arm=[-0.03597336  1.3956455   1.0285527  -0.9593388   0.15309039  0.92933524] left_ee=[0.01173918 0.01176077] right_arm=[ 0.03955945  0.12323143  0.08594936 -0.0708007   0.00635816  0.02695321] right_ee=[0.040554   0.04055327]
step=187 env=0 left_arm=[-0.03364336  1.3948196   1.0219787  -0.9585906   0.15247619  0.9314364 ] left_ee=[0.01200379 0.01200406] right_arm=[ 0.03866962  0.12747553  0.08973421 -0.0769311   0.00643226  0.0249986 ] right_ee=[0.04067365 0.04067625]
step=188 env=0 left_arm=[-0.03509426  1.3918736   1.0166355  -0.95097625  0.15800814  0.9317153 ] left_ee=[0.01201671 0.01201979] right_arm=[ 0.0399814   0.1292618   0.09047732 -0.07803237  0.00324593  0.02921767] right_ee=[0.04083701 0.04084294]
step=189 env=0 left_arm=[-0.03543134  1.3661413   1.0062933  -0.93486285  0.15766233  0.9030799 ] left_ee=[0.01231769 0.01233465] right_arm=[ 0.04095787  0.1212396   0.09279689 -0.07557514 -0.00191551  0.02500923] right_ee=[0.0407605  0.04076179]
step=190 env=0 left_arm=[-0.03316713  1.3654022   1.0132523  -0.94993234  0.14965509  0.90013677] left_ee=[0.01221863 0.01223148] right_arm=[ 0.04037682  0.11231794  0.09056897 -0.08038103  0.00433503  0.02683355] right_ee=[0.04054063 0.04052878]
step=191 env=0 left_arm=[-0.03022024  1.3385906   0.9873587  -0.9223504   0.15565276  0.8890058 ] left_ee=[0.01209455 0.0120795 ] right_arm=[ 0.04037569  0.107821    0.09074119 -0.07376787 -0.00446044  0.02995107] right_ee=[0.04034468 0.04035308]
step=192 env=0 left_arm=[-0.0330901   1.3148229   0.9757153  -0.9138108   0.15358342  0.8634396 ] left_ee=[0.01246113 0.01246506] right_arm=[ 0.04158172  0.10981464  0.09721916 -0.07844965 -0.00443502  0.02140211] right_ee=[0.04035623 0.04035098]
step=193 env=0 left_arm=[-0.03218484  1.2877392   0.9720824  -0.9095137   0.14862981  0.83088744] left_ee=[0.012951   0.01298551] right_arm=[ 0.04161507  0.10132788  0.09508278 -0.08520392 -0.00213338  0.01515884] right_ee=[0.0403923  0.04038617]
step=194 env=0 left_arm=[-0.03292971  1.2395152   0.929906   -0.86026925  0.14982995  0.79233074] left_ee=[0.0133661  0.01335317] right_arm=[ 0.0432517   0.09353807  0.08278298 -0.07568721 -0.00861715  0.01826059] right_ee=[0.04029826 0.04030295]
step=195 env=0 left_arm=[-0.02842871  1.2381551   0.9396719  -0.8797542   0.1479716   0.7904441 ] left_ee=[0.01345513 0.01348825] right_arm=[ 0.04384672  0.0927438   0.09102446 -0.0849686  -0.00267324  0.01505716] right_ee=[0.04018609 0.0401766 ]
step=196 env=0 left_arm=[-0.02481029  1.1970772   0.9143843  -0.83718383  0.15426701  0.75798655] left_ee=[0.0137536  0.01377423] right_arm=[ 0.04678886  0.09336747  0.09538464 -0.07424766 -0.01446887  0.01516848] right_ee=[0.04008422 0.04009551]
step=197 env=0 left_arm=[-0.01505733  1.1865376   0.90762204 -0.82532376  0.1431164   0.745183  ] left_ee=[0.01474759 0.01476703] right_arm=[ 0.04336911  0.08139881  0.09756234 -0.07051098 -0.0179529   0.01308948] right_ee=[0.04018411 0.04016767]
step=198 env=0 left_arm=[-0.01368535  1.101303    0.8427152  -0.77787757  0.13974543  0.68277043] left_ee=[0.01530815 0.01524305] right_arm=[ 0.04239786  0.07538433  0.09535966 -0.07281645 -0.01192528  0.00543139] right_ee=[0.03989023 0.03988173]
step=199 env=0 left_arm=[-0.01044668  1.0896153   0.8392332  -0.7474909   0.14832945  0.666099  ] left_ee=[0.01573428 0.01579746] right_arm=[ 0.04487155  0.0838579   0.10183898 -0.07228839 -0.02426733  0.00576871] right_ee=[0.03988618 0.03990043]
step=200 env=0 left_arm=[-0.00736461  1.0243045   0.77414125 -0.7005339   0.13941446  0.6133838 ] left_ee=[0.01689217 0.01683338] right_arm=[ 0.0416348   0.07239722  0.09482282 -0.06469023 -0.01847165 -0.00284139] right_ee=[0.03989087 0.03987184]
step=201 env=0 left_arm=[ 0.01318768  1.2151413   0.96754795 -0.8991756   0.0314388   0.81324255] left_ee=[0.02452702 0.02499717] right_arm=[-0.00776672 -0.05225595 -0.00342963 -0.01881471  0.02061331  0.00444026] right_ee=[0.04152203 0.04145389]
step=202 env=0 left_arm=[ 0.01370324  1.414362    1.164413   -1.0886294   0.01716201  1.0132607 ] left_ee=[0.03200271 0.03219761] right_arm=[-0.01498759 -0.06659536 -0.01298169 -0.01989407  0.02788873  0.00499145] right_ee=[0.04225502 0.04235639]
step=203 env=0 left_arm=[ 0.00693409  1.6073917   1.3385589  -1.1774343   0.02144215  1.2132404 ] left_ee=[0.03669368 0.03709555] right_arm=[-0.01346358 -0.07181132 -0.01381693 -0.02251696  0.0317256   0.00617207] right_ee=[0.04279285 0.04285457]
step=204 env=0 left_arm=[ 0.00298733  1.7785287   1.3797287  -1.1945165   0.02191612  1.4096744 ] left_ee=[0.03938858 0.03919181] right_arm=[-0.01247288 -0.0699061  -0.01275373 -0.02410215  0.03202539  0.00380176] right_ee=[0.0430605  0.04308727]
step=205 env=0 left_arm=[-0.00387781  1.8398463   1.4086804  -1.219582    0.02241567  1.5929068 ] left_ee=[0.0399495  0.03971564] right_arm=[-0.01125643 -0.06907551 -0.01842233 -0.02495026  0.03646417  0.00342179] right_ee=[0.04334735 0.04335556]
step=206 env=0 left_arm=[-0.00716425  1.8679632   1.4154173  -1.2247201   0.02983915  1.6552967 ] left_ee=[0.03885293 0.03870626] right_arm=[-0.01082667 -0.07334872 -0.01361485 -0.03145973  0.03742458 -0.00012794] right_ee=[0.04358682 0.04359268]
step=207 env=0 left_arm=[-0.0204659   1.9003029   1.4531491  -1.2553159   0.03031207  1.6703212 ] left_ee=[0.03724337 0.03720994] right_arm=[-0.00833312 -0.08425628 -0.01385556 -0.02786366  0.03978276 -0.00073979] right_ee=[0.04375426 0.04375834]
step=208 env=0 left_arm=[-0.02027486  1.9106212   1.4508744  -1.2595141   0.02649878  1.6726061 ] left_ee=[0.03466659 0.03458938] right_arm=[-0.00776574 -0.09027197 -0.01837662 -0.0314116   0.03931249 -0.00215207] right_ee=[0.04385509 0.04385585]
step=209 env=0 left_arm=[-0.01669285  1.9179838   1.450613   -1.2649714   0.0246466   1.6923038 ] left_ee=[0.03194914 0.03192   ] right_arm=[-0.00835377 -0.09526248 -0.01773124 -0.03475315  0.03465075 -0.00036733] right_ee=[0.04391444 0.04391449]
step=210 env=0 left_arm=[-0.01942227  1.9317731   1.4613686  -1.2772357   0.02165192  1.6893706 ] left_ee=[0.02933666 0.02934308] right_arm=[-0.00523097 -0.09815535 -0.02044787 -0.03221621  0.03576262  0.00137291] right_ee=[0.04395001 0.0439489 ]
step=211 env=0 left_arm=[-0.0172085   1.9316903   1.4675995  -1.284287    0.00999018  1.6806827 ] left_ee=[0.02672783 0.02672259] right_arm=[-0.00493629 -0.10110956 -0.02750584 -0.02966552  0.03618506  0.00246881] right_ee=[0.0439727  0.04396785]
step=212 env=0 left_arm=[-0.02073732  1.9339813   1.4610692  -1.2783568   0.00474356  1.6769094 ] left_ee=[0.02426497 0.02425842] right_arm=[-0.00107946 -0.0963109  -0.03156839 -0.02801502  0.03702224  0.00598222] right_ee=[0.0439819  0.04398399]
step=213 env=0 left_arm=[-1.4399037e-02  1.9281048e+00  1.4504744e+00 -1.2784534e+00
  7.4065465e-04  1.6729360e+00] left_ee=[0.02150187 0.02147798] right_arm=[-0.0014154  -0.09768821 -0.02975233 -0.02377776  0.03310366  0.00947189] right_ee=[0.04399205 0.04398767]
step=214 env=0 left_arm=[-1.2666473e-02  1.9244369e+00  1.4499787e+00 -1.2839376e+00
 -7.5290642e-05  1.6760713e+00] left_ee=[0.01867865 0.01869272] right_arm=[-0.00138307 -0.09239581 -0.03718668 -0.02478272  0.03588448  0.00874627] right_ee=[0.04399831 0.04399091]
step=215 env=0 left_arm=[-1.1636731e-02  1.9161897e+00  1.4479376e+00 -1.2822556e+00
 -1.1980055e-03  1.6659244e+00] left_ee=[0.01641936 0.01643603] right_arm=[-0.00296512 -0.10166662 -0.03920885 -0.02599961  0.03583863  0.01011357] right_ee=[0.04399829 0.0439968 ]
step=216 env=0 left_arm=[-0.01098173  1.9227271   1.4396831  -1.2743208  -0.00229092  1.6672745 ] left_ee=[0.0143334  0.01433685] right_arm=[-0.00223785 -0.09837206 -0.03510562 -0.02444544  0.03583999  0.00991596] right_ee=[0.04399703 0.04399928]
step=217 env=0 left_arm=[-1.3073049e-02  1.9162916e+00  1.4428356e+00 -1.2771088e+00
 -1.0308654e-04  1.6590739e+00] left_ee=[0.01268045 0.01268793] right_arm=[-0.00247491 -0.10689066 -0.03593698 -0.02470452  0.03235992  0.00969871] right_ee=[0.04399833 0.04399819]
step=218 env=0 left_arm=[-1.1044036e-02  1.9074476e+00  1.4388983e+00 -1.2711654e+00
 -1.6608596e-03  1.6599554e+00] left_ee=[0.01072336 0.01072343] right_arm=[-0.00265388 -0.10483523 -0.0359605  -0.02509195  0.03627624  0.01041983] right_ee=[0.04399748 0.04399632]
step=219 env=0 left_arm=[-6.7125903e-03  1.9008746e+00  1.4321593e+00 -1.2690549e+00
 -1.8585161e-03  1.6542424e+00] left_ee=[0.00906499 0.00905558] right_arm=[-0.0032413  -0.10202739 -0.03600099 -0.01989614  0.03531319  0.01354808] right_ee=[0.04399624 0.04399943]
step=220 env=0 left_arm=[-0.0092594   1.8941488   1.4363153  -1.2790164  -0.00308622  1.6409299 ] left_ee=[0.00754002 0.00755085] right_arm=[-0.00380536 -0.10175043 -0.03601319 -0.01856122  0.03534089  0.01106384] right_ee=[0.04399817 0.04399877]
step=221 env=0 left_arm=[-0.0127964   1.885864    1.4400989  -1.2770163  -0.00373345  1.6434405 ] left_ee=[0.00670335 0.00672852] right_arm=[-0.00364026 -0.1028372  -0.03599795 -0.02118086  0.03769974  0.01054454] right_ee=[0.04399871 0.04399921]
step=222 env=0 left_arm=[-0.01092797  1.8855125   1.4401093  -1.2782478  -0.00326133  1.6389831 ] left_ee=[0.00493437 0.0049326 ] right_arm=[-0.00382999 -0.10102106 -0.03601561 -0.01951043  0.03458682  0.01326627] right_ee=[0.0439974 0.0439984]
step=223 env=0 left_arm=[-0.01219616  1.8887215   1.4396315  -1.2768364  -0.00405068  1.6353889 ] left_ee=[0.00413094 0.0041343 ] right_arm=[-0.00442853 -0.1018399  -0.03602944 -0.0225393   0.03598694  0.01820256] right_ee=[0.04399861 0.0439968 ]
step=224 env=0 left_arm=[-7.1424297e-03  1.8726054e+00  1.4319830e+00 -1.2755420e+00
 -9.4456039e-04  1.6215649e+00] left_ee=[0.00225744 0.0022406 ] right_arm=[-0.00373989 -0.09910432 -0.03603951 -0.01104711  0.03466313  0.01556881] right_ee=[0.04399698 0.04399839]
step=225 env=0 left_arm=[-0.00889271  1.8705199   1.4381771  -1.2738498  -0.00392949  1.6225331 ] left_ee=[0.00130726 0.00133835] right_arm=[-0.00567845 -0.10031437 -0.03602887 -0.01598802  0.03955679  0.01615717] right_ee=[0.0439951  0.04399519]
step=226 env=0 left_arm=[-0.00530014  1.8663328   1.4482459  -1.2846874  -0.00916484  1.6318511 ] left_ee=[0.00017447 0.000175  ] right_arm=[-0.00495902 -0.10179295 -0.03600432 -0.01488224  0.04099099  0.02047929] right_ee=[0.04399241 0.04399905]
step=227 env=0 left_arm=[-0.00603997  1.8670135   1.4431013  -1.2822952  -0.00769556  1.6310546 ] left_ee=[0. 0.] right_arm=[-0.00593425 -0.10154892 -0.03604234 -0.01460808  0.03849985  0.01943116] right_ee=[0.04399544 0.04399836]
step=228 env=0 left_arm=[-0.00944844  1.8729607   1.4590652  -1.2955954  -0.00401708  1.6262861 ] left_ee=[0. 0.] right_arm=[-0.00470376 -0.09678088 -0.03608369 -0.01243095  0.03850111  0.02179323] right_ee=[0.04399708 0.0439987 ]
step=229 env=0 left_arm=[-0.01125401  1.8638694   1.4512395  -1.2884544  -0.00320516  1.6115696 ] left_ee=[0. 0.] right_arm=[-0.00420084 -0.09625375 -0.03608596 -0.00783546  0.03926632  0.01943189] right_ee=[0.04399934 0.043998  ]
step=230 env=0 left_arm=[-1.3130901e-02  1.8576585e+00  1.4665055e+00 -1.3010786e+00
  1.7192728e-04  1.6091496e+00] left_ee=[0. 0.] right_arm=[-0.00404206 -0.09328867 -0.03611066 -0.00544971  0.04152114  0.01977336] right_ee=[0.04399882 0.0439985 ]
step=231 env=0 left_arm=[-1.2375329e-02  1.8568213e+00  1.4744935e+00 -1.3090936e+00
 -7.4323500e-04  1.6087528e+00] left_ee=[0. 0.] right_arm=[-0.00276994 -0.08954693 -0.03612613 -0.00471958  0.03719492  0.0195461 ] right_ee=[0.04399654 0.0439963 ]
step=232 env=0 left_arm=[-0.02058621  1.8519807   1.4749852  -1.3004658   0.00699999  1.5862674 ] left_ee=[0. 0.] right_arm=[-0.00474247 -0.09833856 -0.0360489  -0.00668773  0.03918755  0.01785407] right_ee=[0.04399687 0.04399291]
step=233 env=0 left_arm=[-0.02143577  1.8459922   1.4820708  -1.3009657   0.01209587  1.5761334 ] left_ee=[0. 0.] right_arm=[-0.0038449  -0.09308964 -0.03609921 -0.00381476  0.0361156   0.01868864] right_ee=[0.0439939  0.04399736]
step=234 env=0 left_arm=[-0.01993049  1.8438488   1.4873714  -1.2920135   0.01984898  1.5610188 ] left_ee=[0. 0.] right_arm=[-0.00447981 -0.09292164 -0.03606772  0.00532958  0.03802826  0.01488292] right_ee=[0.04399824 0.04399468]
step=235 env=0 left_arm=[-0.02127049  1.831017    1.4795892  -1.2879843   0.02898453  1.5475283 ] left_ee=[0. 0.] right_arm=[-0.00230962 -0.08554945 -0.03550751  0.00541109  0.03303501  0.01783544] right_ee=[0.04399509 0.04399514]
step=236 env=0 left_arm=[-0.02511606  1.8222749   1.4833375  -1.2693459   0.0422377   1.5102338 ] left_ee=[5.4905556e-08 5.3865762e-07] right_arm=[-0.00248688 -0.09434725 -0.03528659  0.00352623  0.03275261  0.0185281 ] right_ee=[0.04399883 0.0439924 ]
step=237 env=0 left_arm=[-0.03224111  1.8273314   1.4729599  -1.2516971   0.05488406  1.4956076 ] left_ee=[0. 0.] right_arm=[-0.00195951 -0.0951035  -0.03605917  0.00781209  0.0343221   0.01882516] right_ee=[0.04399946 0.04399672]
step=238 env=0 left_arm=[-0.03860173  1.8131462   1.4645277  -1.2234226   0.06749047  1.4772738 ] left_ee=[0.000000e+00 2.833873e-08] right_arm=[-0.00122723 -0.10133468 -0.03600078  0.01025077  0.03708018  0.0190623 ] right_ee=[0.04399917 0.04399871]
step=239 env=0 left_arm=[-0.05163549  1.8122432   1.454938   -1.1708115   0.11029448  1.4161861 ] left_ee=[0.0000000e+00 1.1877626e-06] right_arm=[-0.00101789 -0.09783556 -0.03604712  0.02250769  0.02736712  0.02146103] right_ee=[0.04399667 0.04399405]
step=240 env=0 left_arm=[-0.05676365  1.7940952   1.4417711  -1.1176335   0.13667619  1.374155  ] left_ee=[0.000000e+00 9.538193e-07] right_arm=[-0.00066013 -0.10004368 -0.03363999  0.01964341  0.02652335  0.02396616] right_ee=[0.04399931 0.0439918 ]
step=241 env=0 left_arm=[-0.0759433  1.7921565  1.4181541 -1.0352807  0.1900209  1.3024026] left_ee=[0.0000000e+00 1.3877931e-06] right_arm=[ 0.00312227 -0.09750324 -0.02957894  0.03197344  0.0225161   0.02508891] right_ee=[0.04399737 0.04399382]
step=242 env=0 left_arm=[-0.08372752  1.7571657   1.3862677  -0.9757256   0.21819921  1.2525764 ] left_ee=[0.000000e+00 9.029232e-07] right_arm=[ 0.00232823 -0.10360035 -0.02853417  0.02837939  0.02041316  0.03243907] right_ee=[0.0439994  0.04399109]
step=243 env=0 left_arm=[-0.08922968  1.7420387   1.3732235  -0.91510284  0.25143337  1.1992085 ] left_ee=[0.0000000e+00 1.1150954e-06] right_arm=[ 0.00036419 -0.09662236 -0.02205691  0.02725023  0.0138707   0.03199513] right_ee=[0.04399949 0.04399696]
step=244 env=0 left_arm=[-0.11382508  1.7140448   1.3084123  -0.751655    0.33660927  1.0822487 ] left_ee=[0.0000000e+00 3.7266357e-06] right_arm=[ 0.00079472 -0.10680301 -0.02553509  0.02089728  0.01792616  0.03320505] right_ee=[0.04399784 0.04399573]
step=245 env=0 left_arm=[-0.11726102  1.7062128   1.3007989  -0.7251524   0.34273633  1.0638124 ] left_ee=[0. 0.] right_arm=[-0.00057461 -0.10605315 -0.03521613  0.02222257  0.01548649  0.04588605] right_ee=[0.04399789 0.04399972]
step=246 env=0 left_arm=[-0.14217082  1.6853034   1.2305514  -0.54382455  0.4577056   0.92545927] left_ee=[0.000000e+00 4.255775e-06] right_arm=[ 0.00392866 -0.08649584 -0.02249215  0.03030607  0.00355634  0.04481436] right_ee=[0.04399221 0.04398841]
step=247 env=0 left_arm=[-0.14473206  1.647942    1.1970313  -0.45038202  0.48716602  0.85741246] left_ee=[0.000000e+00 7.794258e-07] right_arm=[ 0.00466296 -0.09232005 -0.02355237  0.01897966  0.01098364  0.04161835] right_ee=[0.04399577 0.04398048]
step=248 env=0 left_arm=[-0.16752546  1.5950401   1.0958986  -0.27475294  0.5661547   0.7169194 ] left_ee=[0.0000000e+00 3.5250764e-06] right_arm=[ 0.00519908 -0.09280849 -0.02317481  0.0253213   0.00663217  0.03749697] right_ee=[0.04399189 0.04399673]
step=249 env=0 left_arm=[-0.19263959  1.5685337   1.0444707  -0.10008975  0.65358126  0.59127814] left_ee=[0.0000000e+00 4.1836816e-07] right_arm=[ 0.0082564  -0.08159658 -0.01402686  0.01665253  0.00222586  0.02954764] right_ee=[0.04399611 0.0439945 ]
step=250 env=0 left_arm=[-0.19563614  1.495073    0.9838852  -0.05479869  0.63458616  0.5388744 ] left_ee=[2.1007242e-08 1.4561458e-07] right_arm=[ 0.00970759 -0.0936779  -0.02829538 -0.00014579  0.0050702   0.02816814] right_ee=[0.04399875 0.04399021]
step=251 env=0 left_arm=[-0.22347784  1.672992    1.1802595  -0.24561197  0.4359117   0.7363034 ] left_ee=[0.00648438 0.00677411] right_arm=[-0.00913176 -0.04858712 -0.03659519 -0.00373827  0.02470683  0.0100936 ] right_ee=[0.04372878 0.04370581]
step=252 env=0 left_arm=[-0.22606596  1.859394    1.3772063  -0.43956274  0.2427761   0.9238749 ] left_ee=[0.01057241 0.01083559] right_arm=[-0.0092921  -0.03697966 -0.03663551 -0.00701776  0.02636206  0.01070384] right_ee=[0.04346322 0.04351197]
step=253 env=0 left_arm=[-0.22427744  1.9153597   1.5492636  -0.638429    0.12865852  0.977835  ] left_ee=[0.01255268 0.01286445] right_arm=[-0.00731919 -0.03956943 -0.03658009 -0.01277574  0.02955088  0.01069201] right_ee=[0.04341013 0.04343215]
step=254 env=0 left_arm=[-0.2200585   1.917936    1.5831317  -0.8308496   0.12640382  0.96740305] left_ee=[0.01404719 0.01347226] right_arm=[-0.0038607  -0.0246341  -0.0352149  -0.02066885  0.02831651  0.011407  ] right_ee=[0.04335102 0.04336389]
step=255 env=0 left_arm=[-0.21364814  1.9110379   1.573947   -0.9931917   0.14173432  0.948184  ] left_ee=[0.01377773 0.01360262] right_arm=[-0.00383435 -0.02987664 -0.03121277 -0.03086188  0.03196686  0.0056313 ] right_ee=[0.04344583 0.0434414 ]
step=256 env=0 left_arm=[-0.21163219  1.9201055   1.5918211  -1.0229813   0.15197669  0.9486755 ] left_ee=[0.0131943  0.01341632] right_arm=[ 0.0004703  -0.01934791 -0.01570491 -0.03410462  0.02849076  0.00368501] right_ee=[0.04353403 0.04354319]
step=257 env=0 left_arm=[-0.20425746  1.8973657   1.5415179  -0.9728916   0.17996047  0.90713716] left_ee=[0.01212691 0.01220111] right_arm=[ 0.00499719 -0.02407317 -0.00934223 -0.04886386  0.04091943  0.00553996] right_ee=[0.04372937 0.0437196 ]
step=258 env=0 left_arm=[-0.19813214  1.8993313   1.5393178  -0.9776514   0.17831494  0.9113623 ] left_ee=[0.01126328 0.01133623] right_arm=[ 0.01260394  0.00105893  0.00724429 -0.04436787  0.02880195  0.00050426] right_ee=[0.04383142 0.04384792]
step=259 env=0 left_arm=[-0.19247419  1.8869747   1.5176568  -0.94553477  0.18716009  0.8824272 ] left_ee=[0.00967835 0.00971759] right_arm=[ 1.2789225e-02  8.5441272e-05  9.3148183e-03 -5.0531201e-02
  2.6218491e-02 -3.3573203e-03] right_ee=[0.04391421 0.04389352]
step=260 env=0 left_arm=[-0.18641938  1.8807391   1.5044475  -0.9394511   0.18522325  0.8866086 ] left_ee=[0.00855126 0.00855622] right_arm=[ 0.01759705  0.0110829   0.02037673 -0.05137087  0.02374379 -0.00718804] right_ee=[0.04394785 0.04394296]
step=261 env=0 left_arm=[-0.17893237  1.8670633   1.4811604  -0.91846037  0.19044492  0.8600203 ] left_ee=[0.00749739 0.00750923] right_arm=[ 0.0194852   0.00151448  0.01921902 -0.06034013  0.03155203 -0.01122371] right_ee=[0.04397623 0.04396076]
step=262 env=0 left_arm=[-0.1765068  1.8485096  1.4428048 -0.8871947  0.1931142  0.8380252] left_ee=[0.00630824 0.00627792] right_arm=[ 0.02503286  0.01912512  0.02465011 -0.06066528  0.03554306 -0.00940795] right_ee=[0.04398082 0.04398474]
step=263 env=0 left_arm=[-0.17571726  1.8487319   1.4411986  -0.8926208   0.18634963  0.8217193 ] left_ee=[0.0050614  0.00507961] right_arm=[ 0.03071998  0.03665517  0.03792361 -0.05793171  0.02311216 -0.01218513] right_ee=[0.04398735 0.04398764]
step=264 env=0 left_arm=[-0.17156549  1.8305098   1.417231   -0.8670659   0.19182473  0.81211406] left_ee=[0.00393551 0.0039511 ] right_arm=[ 0.03008081  0.03632136  0.03541492 -0.06895722  0.02355174 -0.02005148] right_ee=[0.04399702 0.04398034]
step=265 env=0 left_arm=[-0.17009428  1.8221819   1.4102639  -0.86286294  0.19450115  0.7955708 ] left_ee=[0.00310319 0.00311168] right_arm=[ 0.03304765  0.0441528   0.04054873 -0.07218778  0.03123363 -0.02039515] right_ee=[0.04399832 0.04399186]
step=266 env=0 left_arm=[-0.17430511  1.823128    1.4032956  -0.8559577   0.19351876  0.7977277 ] left_ee=[0.00275536 0.00273279] right_arm=[ 0.0345162   0.06990223  0.0555777  -0.06363663  0.01607908 -0.0219949 ] right_ee=[0.04399453 0.04399016]
step=267 env=0 left_arm=[-0.1771756   1.8295697   1.3966362  -0.8598197   0.194705    0.80553347] left_ee=[0.00246347 0.00243847] right_arm=[ 0.04120398  0.10250875  0.06937804 -0.05801903 -0.00180792 -0.01975829] right_ee=[0.044     0.0439838]
step=268 env=0 left_arm=[-0.17821138  1.8170769   1.398645   -0.8629528   0.17366335  0.7828967 ] left_ee=[0.00180833 0.00186152] right_arm=[ 0.04106497  0.10374542  0.0687954  -0.06839444  0.00726821 -0.02483837] right_ee=[0.04399462 0.04397585]
step=269 env=0 left_arm=[-0.18015479  1.8255084   1.4026423  -0.8599943   0.17451908  0.78237104] left_ee=[0.00166192 0.00164601] right_arm=[ 0.04507209  0.11772752  0.08173174 -0.06189026 -0.00896452 -0.02829054] right_ee=[0.04398774 0.0439874 ]
step=270 env=0 left_arm=[-0.18187577  1.8179156   1.3924298  -0.8178283   0.20610072  0.76826817] left_ee=[0.001411   0.00141169] right_arm=[ 0.04801095  0.13821349  0.09618994 -0.0416569  -0.02786985 -0.0242375 ] right_ee=[0.044      0.04398727]
step=271 env=0 left_arm=[-0.18081342  1.8086467   1.3942199  -0.82939625  0.1791204   0.7638171 ] left_ee=[0.00096613 0.00098113] right_arm=[ 0.04107669  0.12872188  0.09338662 -0.05815794 -0.01548133 -0.02914833] right_ee=[0.04398621 0.0439778 ]
step=272 env=0 left_arm=[-0.18878728  1.8215655   1.4143482  -0.82757425  0.19282778  0.7574959 ] left_ee=[0.00063802 0.00060921] right_arm=[ 0.05112002  0.15762594  0.11984035 -0.03651686 -0.03958849 -0.02651028] right_ee=[0.04397276 0.04397831]
step=273 env=0 left_arm=[-0.19757842  1.8364489   1.4197108  -0.8331274   0.20156254  0.7761096 ] left_ee=[0.00032343 0.00025538] right_arm=[ 0.05841351  0.1940726   0.13679399 -0.01656471 -0.06507339 -0.01916931] right_ee=[0.044      0.04398018]
step=274 env=0 left_arm=[-0.19943199  1.840544    1.4302601  -0.8334694   0.19197115  0.7658712 ] left_ee=[0.000000e+00 3.557235e-08] right_arm=[ 0.06275892  0.22180642  0.15027227 -0.01558232 -0.08352894 -0.02370282] right_ee=[0.044      0.04398158]
step=275 env=0 left_arm=[-0.20377032  1.8431017   1.452051   -0.8392021   0.18165298  0.7528092 ] left_ee=[0.000000e+00 3.432442e-08] right_arm=[ 0.06278669  0.22677137  0.16448203 -0.01140004 -0.0869398  -0.02153626] right_ee=[0.04399963 0.0439795 ]
step=276 env=0 left_arm=[-0.20704798  1.8532975   1.4734435  -0.86058366  0.17624696  0.7618817 ] left_ee=[0. 0.] right_arm=[ 0.06661284  0.2491626   0.1793497  -0.00369592 -0.10040163 -0.01936255] right_ee=[0.04397438 0.04397283]
step=277 env=0 left_arm=[-0.2104878   1.8585484   1.45457    -0.8486912   0.2008697   0.78464305] left_ee=[1.8580306e-07 6.8472303e-08] right_arm=[ 0.07361902  0.2903816   0.19650523  0.02287079 -0.13549602 -0.00519847] right_ee=[0.04372079 0.04372408]
step=278 env=0 left_arm=[-0.21765919  1.8678153   1.476056   -0.85885316  0.1910209   0.7710393 ] left_ee=[0. 0.] right_arm=[ 0.07833631  0.32663617  0.228421    0.01302891 -0.14059487 -0.01172947] right_ee=[0.04359258 0.04355102]
step=279 env=0 left_arm=[-0.2203981   1.8722101   1.4821377  -0.85101223  0.19717121  0.7650955 ] left_ee=[0. 0.] right_arm=[ 0.08231168  0.32527876  0.23490049  0.01991034 -0.14756694 -0.0053569 ] right_ee=[0.04326224 0.04324367]
step=280 env=0 left_arm=[-0.23653166  1.883687    1.4779971  -0.81769615  0.24870917  0.7730813 ] left_ee=[1.0554429e-06 0.0000000e+00] right_arm=[ 0.10273645  0.42793494  0.29462674  0.0622     -0.22088791  0.00043474] right_ee=[0.04286304 0.0429025 ]
step=281 env=0 left_arm=[-0.23806266  1.8860824   1.4847957  -0.802087    0.24845333  0.75355417] left_ee=[0.000000e+00 9.821192e-08] right_arm=[ 0.10561114  0.4491193   0.31244135  0.0644212  -0.2320196  -0.00337164] right_ee=[0.04249604 0.04241535]
step=282 env=0 left_arm=[-0.24567702  1.8942757   1.487705   -0.7840346   0.27510098  0.7371877 ] left_ee=[0.00000e+00 3.20428e-08] right_arm=[ 0.11984116  0.5218186   0.36227402  0.08563092 -0.2757205  -0.01094037] right_ee=[0.04200608 0.0419955 ]
step=283 env=0 left_arm=[-0.2546118   1.9064422   1.4858899  -0.7565205   0.30972767  0.74418956] left_ee=[4.4442876e-07 0.0000000e+00] right_arm=[ 0.12946033  0.5700136   0.38763592  0.11465746 -0.3202159   0.00213138] right_ee=[0.0416397  0.04160772]
step=284 env=0 left_arm=[-0.25410426  1.902349    1.4985158  -0.76005214  0.30094737  0.7320637 ] left_ee=[0.000000e+00 7.169942e-08] right_arm=[ 0.1329539   0.5913734   0.40574664  0.10467067 -0.31826603 -0.00522991] right_ee=[0.04135286 0.04128603]
step=285 env=0 left_arm=[-0.26675048  1.8991611   1.4555576  -0.6886539   0.3673006   0.7186241 ] left_ee=[9.6822179e-05 3.1108004e-05] right_arm=[ 0.15530547  0.70925534  0.46929428  0.16319585 -0.4036859   0.00335415] right_ee=[0.0410958  0.04112764]
step=286 env=0 left_arm=[-0.2684411   1.9010676   1.4746466  -0.6712138   0.38079813  0.70834553] left_ee=[5.8799978e-05 1.3232527e-04] right_arm=[ 0.1656324   0.733859    0.49203828  0.17038238 -0.42735088  0.01394039] right_ee=[0.04046024 0.04042132]
step=287 env=0 left_arm=[-0.27550435  1.8888297   1.4330893  -0.59272134  0.43954712  0.67777807] left_ee=[1.8038988e-04 7.3428819e-05] right_arm=[ 0.18669704  0.8384864   0.5454835   0.2285072  -0.48791236  0.02354456] right_ee=[0.03983024 0.03979848]
step=288 env=0 left_arm=[-0.27273884  1.8587904   1.4268018  -0.60319054  0.41493887  0.6676771 ] left_ee=[1.6626724e-07 1.5346893e-07] right_arm=[ 0.1814615   0.8202413   0.5531633   0.18559857 -0.46040434  0.00340795] right_ee=[0.03926003 0.03921017]
step=289 env=0 left_arm=[-0.2793107   1.8662624   1.4117178  -0.56434715  0.45044577  0.6588326 ] left_ee=[2.0438767e-07 1.4991294e-07] right_arm=[ 0.19366118  0.89291245  0.5832108   0.22586134 -0.5120904   0.01725199] right_ee=[0.03860816 0.03862425]
step=290 env=0 left_arm=[-0.28847605  1.8530713   1.3723214  -0.47981182  0.4963601   0.6299206 ] left_ee=[4.4431815e-07 9.2994260e-06] right_arm=[ 0.2105715   0.96149045  0.6228259   0.2723838  -0.5623211   0.0332402 ] right_ee=[0.03764917 0.03765725]
step=291 env=0 left_arm=[-0.29100198  1.8454068   1.3742291  -0.45975423  0.5064088   0.61597127] left_ee=[1.13596926e-07 1.26888945e-05] right_arm=[ 0.21942838  0.99362206  0.65079796  0.2719775  -0.5788954   0.03405022] right_ee=[0.03621189 0.03618819]
step=292 env=0 left_arm=[-0.29356897  1.8295454   1.3319534  -0.39905885  0.5436011   0.58826816] left_ee=[3.9390507e-05 2.4340174e-05] right_arm=[ 0.22549763  1.0244206   0.672253    0.3042946  -0.61609536  0.04033092] right_ee=[0.0356281  0.03562734]
step=293 env=0 left_arm=[-0.29076058  1.8142892   1.314451   -0.35696903  0.549873    0.56733614] left_ee=[0.00035155 0.00042305] right_arm=[ 0.23109794  1.0424571   0.68900037  0.30601767 -0.63264114  0.03720194] right_ee=[0.03484975 0.0348323 ]
step=294 env=0 left_arm=[-0.2931309   1.8007901   1.2852668  -0.29208878  0.57894343  0.5376266 ] left_ee=[0.0008351 0.0008098] right_arm=[ 0.23960319  1.0754207   0.7130294   0.32517686 -0.65930754  0.05211239] right_ee=[0.03410908 0.0340938 ]
step=295 env=0 left_arm=[-0.2907793   1.7951589   1.252254   -0.24619485  0.5957054   0.5289981 ] left_ee=[0.00164442 0.00164663] right_arm=[ 0.23786083  1.0671573   0.7117004   0.33841226 -0.6806863   0.05906243] right_ee=[0.03366751 0.03368124]
step=296 env=0 left_arm=[-0.30064827  1.7461702   1.1988677  -0.14593974  0.64210665  0.4772573 ] left_ee=[0.00074862 0.00066194] right_arm=[ 0.2597231   1.1399909   0.7456516   0.394915   -0.73278147  0.07893383] right_ee=[0.03250213 0.03247213]
step=297 env=0 left_arm=[-0.28992474  1.7124352   1.1461735  -0.07244598  0.64704895  0.4447623 ] left_ee=[0.00116528 0.00125369] right_arm=[ 0.25888592  1.1513131   0.76447636  0.39489198 -0.7435041   0.07766604] right_ee=[0.03164639 0.03162859]
step=298 env=0 left_arm=[-0.2906164   1.6619536   1.0842175   0.01035357  0.66625357  0.39529255] left_ee=[0.00163531 0.00160461] right_arm=[ 0.26125503  1.1664724   0.78123933  0.40872836 -0.75536716  0.07611836] right_ee=[0.03054015 0.03053969]
step=299 env=0 left_arm=[-0.29345787  1.6103138   1.0196964   0.09329633  0.6944004   0.34927374] left_ee=[0.00155659 0.00153858] right_arm=[ 0.27286562  1.232972    0.8051954   0.44721466 -0.79572654  0.08990563] right_ee=[0.02967406 0.02962776]
step=300 env=0 left_arm=[-0.28548667  1.5737503   0.9675592   0.15249825  0.6882795   0.3239259 ] left_ee=[0.00238912 0.0024839 ] right_arm=[ 0.2641568   1.2175934   0.79565996  0.44906807 -0.7982378   0.08316388] right_ee=[0.02926766 0.02931367]
