step=1 env=0 left_arm=[-0.00159579 -0.07581353 -0.03265439  0.03406439 -0.00620983 -0.05094098] left_ee=[0.04399811 0.044     ] right_arm=[ 0.02129475 -0.05906788 -0.0029131  -0.00585688  0.01428517  0.03666218] right_ee=[0.04388519 0.04388055]
step=2 env=0 left_arm=[-0.00247572 -0.08517621 -0.03616703  0.03908947 -0.01019793 -0.04969385] left_ee=[0.04399991 0.04399707] right_arm=[ 0.02986825 -0.04123185  0.00830161 -0.00565896  0.01667041  0.03694287] right_ee=[0.04394063 0.04392018]
step=3 env=0 left_arm=[-0.00199227 -0.08477937 -0.03616143  0.03857031 -0.0107018  -0.04633217] left_ee=[0.04399975 0.04399859] right_arm=[ 0.03833376 -0.01037211  0.02930777 -0.01913551  0.01883398  0.02695192] right_ee=[0.04396856 0.04395447]
step=4 env=0 left_arm=[-0.00242831 -0.08067077 -0.03622695  0.03182222 -0.01372919 -0.03325209] left_ee=[0.044      0.04399873] right_arm=[ 0.05618011  0.0681804   0.08163669 -0.04069734  0.01753298 -0.0008331 ] right_ee=[0.04398428 0.04398199]
step=5 env=0 left_arm=[-0.00221705 -0.06929671 -0.03296259  0.02173096 -0.01686454 -0.02199144] left_ee=[0.04399999 0.0439982 ] right_arm=[ 0.08386659  0.19379719  0.17204481 -0.1126024   0.02101324 -0.06002918] right_ee=[0.044      0.04397555]
step=6 env=0 left_arm=[ 0.00077479 -0.0632631  -0.03636504  0.01700454 -0.01679216 -0.01821986] left_ee=[0.044      0.04399658] right_arm=[ 0.11570188  0.32802734  0.28488994 -0.18731053  0.02773113 -0.12431777] right_ee=[0.044      0.04397805]
step=7 env=0 left_arm=[ 0.00224193 -0.06503687 -0.03634791  0.01305443 -0.01853565 -0.00566146] left_ee=[0.044      0.04399771] right_arm=[ 0.15428913  0.49389592  0.4187294  -0.2844372   0.03003151 -0.20484923] right_ee=[0.044      0.04397792]
step=8 env=0 left_arm=[ 0.00566203 -0.06897196 -0.03637157  0.01069124 -0.01776838  0.00168327] left_ee=[0.044      0.04399728] right_arm=[ 0.20695001  0.68057275  0.59020716 -0.4136021   0.04342464 -0.32030413] right_ee=[0.044      0.04396015]
step=9 env=0 left_arm=[ 0.00523913 -0.06493893 -0.03523121  0.00841242 -0.02091569 -0.00186192] left_ee=[0.044      0.04399673] right_arm=[ 0.2538442   0.86188406  0.73796946 -0.5096541   0.03660043 -0.40406984] right_ee=[0.044      0.04399718]
step=10 env=0 left_arm=[ 0.00458656 -0.07226535 -0.03633342  0.02059974 -0.01991036 -0.00894314] left_ee=[0.04399846 0.04399753] right_arm=[ 0.29360747  1.0493046   0.8986289  -0.6282619   0.04548501 -0.5197661 ] right_ee=[0.044 0.044]
step=11 env=0 left_arm=[ 0.00391621 -0.07105053 -0.03633692  0.01436015 -0.01972141 -0.00290325] left_ee=[0.04399803 0.04399986] right_arm=[ 0.3540379   1.2420335   1.0774965  -0.7769218   0.05373214 -0.6462564 ] right_ee=[0.044      0.04390301]
step=12 env=0 left_arm=[ 0.00016619 -0.06460088 -0.03635259  0.02149323 -0.02006821 -0.00100261] left_ee=[0.0439965  0.04399842] right_arm=[ 0.3989322   1.431126    1.2344308  -0.8805926   0.05634627 -0.7491942 ] right_ee=[0.044 0.044]
step=13 env=0 left_arm=[-0.00084283 -0.06362978 -0.03640603  0.0228783  -0.0166306  -0.00716164] left_ee=[0.04399619 0.04399973] right_arm=[ 0.43005013  1.6176612   1.3654237  -0.95981944  0.05833872 -0.83626854] right_ee=[0.04398671 0.044     ]
step=14 env=0 left_arm=[ 0.00033416 -0.07136416 -0.03270182  0.03053118 -0.01325658 -0.01060709] left_ee=[0.04399492 0.04399974] right_arm=[ 0.4691376   1.7972057   1.4781531  -1.0517751   0.06696925 -0.8976404 ] right_ee=[0.044 0.044]
step=15 env=0 left_arm=[-0.00148462 -0.06168272 -0.03517101  0.02149263 -0.01142765 -0.00779475] left_ee=[0.04399717 0.04399896] right_arm=[ 0.48377877  1.9160336   1.5499451  -1.0878952   0.06050592 -0.9525567 ] right_ee=[0.04390026 0.044     ]
step=16 env=0 left_arm=[-0.00325877 -0.0547751  -0.03588665  0.02073926 -0.01020348 -0.00881559] left_ee=[0.0439971  0.04399943] right_arm=[ 0.5063821   2.025101    1.6111376  -1.1200643   0.05277415 -0.9849352 ] right_ee=[0.04389621 0.044     ]
step=17 env=0 left_arm=[-0.00326592 -0.06839162 -0.03422037  0.02108174 -0.00784207 -0.01540526] left_ee=[0.04399648 0.044     ] right_arm=[ 0.52437866  2.0660326   1.6517875  -1.1350988   0.04482441 -0.9985222 ] right_ee=[0.04393922 0.04396508]
step=18 env=0 left_arm=[-0.00343531 -0.06214339 -0.02444885  0.01340391 -0.01043235 -0.01893062] left_ee=[0.04383751 0.04384243] right_arm=[ 0.5525024   2.1420522   1.6926569  -1.1673199   0.04527978 -1.0260564 ] right_ee=[0.04390399 0.044     ]
step=19 env=0 left_arm=[-0.00306354 -0.05105451 -0.02575128  0.02075937 -0.00564968 -0.02202891] left_ee=[0.04390351 0.0439015 ] right_arm=[ 0.54768795  2.170411    1.715883   -1.1761955   0.04544687 -1.03541   ] right_ee=[0.04394063 0.04391938]
step=20 env=0 left_arm=[ 0.00047373 -0.05613448 -0.02116604  0.01559878 -0.01029123 -0.01868599] left_ee=[0.04374438 0.04375336] right_arm=[ 0.57153594  2.2001479   1.764868   -1.2285823   0.05548801 -1.069013  ] right_ee=[0.04236666 0.04248079]
step=21 env=0 left_arm=[ 0.00135264 -0.05851331 -0.02159824  0.01293126 -0.01414671 -0.01300421] left_ee=[0.04372122 0.04371603] right_arm=[ 0.57725215  2.2179947   1.7707219  -1.2247733   0.05920364 -1.0688447 ] right_ee=[0.03934438 0.03977891]
step=22 env=0 left_arm=[-0.00021498 -0.05589053 -0.01951651  0.01361152 -0.01308815 -0.01489101] left_ee=[0.04383752 0.04382702] right_arm=[ 0.57888436  2.2293968   1.7877716  -1.2188776   0.06077147 -1.0619117 ] right_ee=[0.03552536 0.03566038]
step=23 env=0 left_arm=[ 0.00021942 -0.04437158 -0.01457251  0.01472309 -0.01024462 -0.01673649] left_ee=[0.04390223 0.04390136] right_arm=[ 0.5788198   2.242232    1.8083941  -1.2316407   0.06672534 -1.067122  ] right_ee=[0.03167855 0.03354277]
step=24 env=0 left_arm=[ 0.00245604 -0.04188683 -0.01323266  0.01579578 -0.01285346 -0.01857856] left_ee=[0.04393911 0.04394497] right_arm=[ 0.5856378   2.2447193   1.8133286  -1.2491902   0.07204083 -1.0799603 ] right_ee=[0.02736484 0.03635255]
step=25 env=0 left_arm=[ 0.00039479 -0.03508642 -0.00576454  0.00566435 -0.01423719 -0.01181908] left_ee=[0.04396855 0.04396217] right_arm=[ 0.58672565  2.2446811   1.8126756  -1.2457163   0.07361644 -1.0743647 ] right_ee=[0.02295856 0.03534365]
step=26 env=0 left_arm=[ 0.00259198 -0.03524179 -0.00288826  0.00753896 -0.01971994 -0.00923579] left_ee=[0.04397804 0.0439828 ] right_arm=[ 0.59721315  2.2361116   1.79778    -1.2536536   0.07865768 -1.0752314 ] right_ee=[0.01809449 0.03390845]
step=27 env=0 left_arm=[ 0.00039902 -0.0278823  -0.00843924  0.00747242 -0.01325809 -0.00777556] left_ee=[0.04399405 0.04398166] right_arm=[ 0.591725    2.2434301   1.8084882  -1.2459158   0.07478236 -1.0727762 ] right_ee=[0.01351283 0.02722672]
step=28 env=0 left_arm=[ 0.00148182 -0.02833571 -0.00477831  0.00604297 -0.01460921 -0.00898558] left_ee=[0.04398991 0.04399796] right_arm=[ 0.5925104   2.2532423   1.824171   -1.260595    0.07821164 -1.0750246 ] right_ee=[0.01052639 0.02583351]
step=29 env=0 left_arm=[ 0.00143742 -0.02900795 -0.00529301  0.00427632 -0.01984758 -0.00633507] left_ee=[0.04399463 0.04399705] right_arm=[ 0.59936076  2.2521098   1.8203318  -1.2720913   0.08643866 -1.0836289 ] right_ee=[0.00748121 0.02273827]
step=30 env=0 left_arm=[ 0.00138459 -0.02595799 -0.01062208  0.01002415 -0.01748144 -0.0067196 ] left_ee=[0.04399852 0.04399442] right_arm=[ 0.5925106   2.241112    1.8023273  -1.244306    0.07491881 -1.0642769 ] right_ee=[0.00545192 0.01861066]
step=31 env=0 left_arm=[ 0.00199233 -0.02494055 -0.00661545  0.00746819 -0.01870657 -0.0085814 ] left_ee=[0.04399715 0.04399871] right_arm=[ 0.5964616   2.2482877   1.8107529  -1.2731504   0.08062194 -1.0740447 ] right_ee=[0.00327794 0.01312613]
step=32 env=0 left_arm=[ 0.00098703 -0.02126233 -0.00727818  0.00942738 -0.01524915 -0.00853506] left_ee=[0.04399693 0.04399641] right_arm=[ 0.589514    2.2463696   1.8078136  -1.2570263   0.07471205 -1.0721763 ] right_ee=[0.00168632 0.0089995 ]
step=33 env=0 left_arm=[ 0.00081008 -0.02041448 -0.00367142  0.00869002 -0.01876899 -0.00785838] left_ee=[0.04399459 0.04399816] right_arm=[ 0.5926382   2.244828    1.8049823  -1.2594879   0.07762101 -1.0632101 ] right_ee=[0.00021998 0.00990253]
step=34 env=0 left_arm=[ 0.00150756 -0.02417637 -0.00758349  0.007361   -0.01871938 -0.00534389] left_ee=[0.04399816 0.04399694] right_arm=[ 0.5903398  2.2471194  1.8053262 -1.2725682  0.0864642 -1.0732307] right_ee=[0.         0.00519722]
step=35 env=0 left_arm=[ 0.00158062 -0.02022152 -0.00395382  0.00412909 -0.02035617 -0.00623675] left_ee=[0.04399923 0.04399822] right_arm=[ 0.593405    2.2614589   1.8270264  -1.295102    0.08748761 -1.0895593 ] right_ee=[0.         0.00395548]
step=36 env=0 left_arm=[ 0.0019164  -0.02057615 -0.00295607  0.00082464 -0.02001401 -0.00643443] left_ee=[0.04399979 0.04399828] right_arm=[ 0.5996542   2.2675042   1.8342953  -1.3059304   0.08514854 -1.0941817 ] right_ee=[0. 0.]
step=37 env=0 left_arm=[ 0.00248666 -0.02955263 -0.00832736  0.00148028 -0.02495497 -0.00295874] left_ee=[0.04399865 0.04399661] right_arm=[ 0.6011344   2.2641983   1.8350939  -1.312527    0.09587118 -1.1080217 ] right_ee=[0. 0.]
step=38 env=0 left_arm=[ 0.00107719 -0.01596405 -0.00736912  0.00786002 -0.01875887 -0.00594224] left_ee=[0.04399483 0.04399308] right_arm=[ 0.5991383   2.2731807   1.8543811  -1.3304389   0.09310253 -1.1070117 ] right_ee=[0. 0.]
step=39 env=0 left_arm=[ 0.00141079 -0.01348698 -0.00799299  0.00800352 -0.0157291  -0.00729268] left_ee=[0.04399255 0.04399925] right_arm=[ 0.58895713  2.2756333   1.8537848  -1.3338566   0.09217873 -1.1048378 ] right_ee=[0. 0.]
step=40 env=0 left_arm=[ 0.00264664 -0.02415128 -0.01074888  0.00562736 -0.02348003 -0.00585967] left_ee=[0.04399195 0.04399434] right_arm=[ 0.5932225  2.26385    1.8578498 -1.3471236  0.1008349 -1.114847 ] right_ee=[0. 0.]
step=41 env=0 left_arm=[ 1.6554585e-03 -2.4122899e-02 -1.0810196e-02  7.0377151e-03
 -2.0148115e-02 -9.4380557e-05] left_ee=[0.04399712 0.04398947] right_arm=[ 0.591551    2.2714946   1.8609388  -1.3441885   0.10311715 -1.1064413 ] right_ee=[0. 0.]
step=42 env=0 left_arm=[ 0.00039943 -0.01243936 -0.01000156  0.00728104 -0.01825188 -0.00295711] left_ee=[0.0439969  0.04399697] right_arm=[ 0.5901548   2.2717137   1.877952   -1.3675566   0.09875777 -1.1139116 ] right_ee=[0. 0.]
step=43 env=0 left_arm=[ 0.00199784 -0.01203622 -0.00497346  0.00363298 -0.02392264 -0.00746942] left_ee=[0.04399372 0.04399517] right_arm=[ 0.59533197  2.2624547   1.8897023  -1.3981546   0.09768489 -1.1251425 ] right_ee=[0. 0.]
step=44 env=0 left_arm=[ 0.00020587 -0.00764851 -0.00646651  0.01691752 -0.01409054 -0.01141448] left_ee=[0.04399228 0.04398955] right_arm=[ 0.58707756  2.2681282   1.9149653  -1.4334376   0.10478434 -1.1308142 ] right_ee=[0. 0.]
step=45 env=0 left_arm=[ 0.00073408 -0.01024132 -0.00278678  0.01348635 -0.01900608 -0.012825  ] left_ee=[0.04398661 0.04399665] right_arm=[ 0.5905364   2.255473    1.915856   -1.4335771   0.10658646 -1.1265204 ] right_ee=[0. 0.]
step=46 env=0 left_arm=[ 0.00095564 -0.01231178 -0.00751185  0.0108955  -0.0189389  -0.01283198] left_ee=[0.04399505 0.04399314] right_arm=[ 0.5834416   2.251186    1.920954   -1.4471823   0.10190516 -1.142784  ] right_ee=[0. 0.]
step=47 env=0 left_arm=[ 0.00194373 -0.0166799  -0.01309499  0.01026176 -0.01908582 -0.01557944] left_ee=[0.0439967  0.04399677] right_arm=[ 0.58267754  2.23732     1.9308608  -1.47209     0.09737929 -1.1542367 ] right_ee=[0. 0.]
step=48 env=0 left_arm=[ 0.00152269 -0.019044   -0.01070488  0.00613045 -0.0210296  -0.01378874] left_ee=[0.04399912 0.04399698] right_arm=[ 0.5849294   2.238271    1.9220096  -1.4572021   0.09237598 -1.1440542 ] right_ee=[0. 0.]
step=49 env=0 left_arm=[ 0.00054362 -0.02368885 -0.00932401  0.00826728 -0.02018146 -0.01995019] left_ee=[0.04399835 0.04399756] right_arm=[ 0.5730367  2.2206225  1.9047905 -1.4425232  0.0711536 -1.1296698] right_ee=[0. 0.]
step=50 env=0 left_arm=[-7.5623007e-05 -2.5822733e-02 -1.4498435e-02  1.3401378e-02
 -2.1890715e-02 -2.1118604e-02] left_ee=[0.04399708 0.04399943] right_arm=[ 0.5723351   2.199458    1.9014479  -1.4424906   0.05593485 -1.1236145 ] right_ee=[0. 0.]
step=51 env=0 left_arm=[ 0.00367499 -0.01592554 -0.01800538  0.00452217 -0.01095298 -0.0079721 ] left_ee=[0.04399741 0.044     ] right_arm=[ 0.56248254  2.165802    1.8764576  -1.3052176  -0.00242189 -1.0088149 ] right_ee=[1.2939944e-05 0.0000000e+00]
step=52 env=0 left_arm=[-0.00010631 -0.00629135 -0.01080438  0.00836119 -0.00281999 -0.00666971] left_ee=[0.04399142 0.0439983 ] right_arm=[ 0.5512367   2.1562383   1.8753135  -1.2690486  -0.0479739  -0.96332604] right_ee=[1.5923741e-06 0.0000000e+00]
step=53 env=0 left_arm=[-0.00335253 -0.01059183 -0.00403261  0.01336733 -0.00592013 -0.00732741] left_ee=[0.04398771 0.04399801] right_arm=[ 0.5407804   2.1416926   1.8474054  -1.2071431  -0.0950619  -0.93326783] right_ee=[7.3546875e-07 0.0000000e+00]
step=54 env=0 left_arm=[-0.0059753  -0.01169323 -0.00072269  0.01462394 -0.00442674 -0.00747597] left_ee=[0.04399315 0.04399656] right_arm=[ 0.5199189   2.104696    1.794006   -1.0965791  -0.17851678 -0.87796533] right_ee=[4.0880714e-06 0.0000000e+00]
step=55 env=0 left_arm=[-0.00906047 -0.01744781 -0.00538654  0.02564117 -0.0051013  -0.01285421] left_ee=[0.04399404 0.04399893] right_arm=[ 0.5019761   2.0610683   1.6939265  -0.9243139  -0.28521362 -0.8037009 ] right_ee=[4.4804365e-06 0.0000000e+00]
step=56 env=0 left_arm=[-0.00889481 -0.01544281 -0.01213874  0.03187742 -0.00604095 -0.02322697] left_ee=[0.04399371 0.04399884] right_arm=[ 0.47776178  2.0060117   1.5910054  -0.74500656 -0.38511792 -0.71555084] right_ee=[4.8996085e-06 0.0000000e+00]
step=57 env=0 left_arm=[-0.01945898  0.00623393 -0.00291076  0.03618968  0.01830141 -0.01292383] left_ee=[0.04397605 0.04399084] right_arm=[ 0.44337514  1.9853109   1.4913661  -0.56317455 -0.5158812  -0.6373396 ] right_ee=[4.511003e-06 0.000000e+00]
step=58 env=0 left_arm=[-0.01319327 -0.00328023 -0.01408987  0.03864637  0.00872299 -0.02996745] left_ee=[0.04395777 0.04398829] right_arm=[ 0.4250323   1.9341613   1.3920591  -0.37644184 -0.63943285 -0.528863  ] right_ee=[2.362069e-06 0.000000e+00]
step=59 env=0 left_arm=[-0.01094881 -0.01363126 -0.01759201  0.03854853 -0.00135192 -0.02916834] left_ee=[0.04398412 0.04397913] right_arm=[ 0.4065036   1.8885496   1.2859775  -0.18830124 -0.73814553 -0.45498803] right_ee=[1.4976038e-07 0.0000000e+00]
step=60 env=0 left_arm=[-0.0083796  -0.01390137 -0.0176232   0.03600119 -0.00731448 -0.03242612] left_ee=[0.04399594 0.04398426] right_arm=[ 0.3782078   1.8306984   1.1477597   0.0027842  -0.8822395  -0.34346077] right_ee=[4.0569503e-06 0.0000000e+00]
step=61 env=0 left_arm=[-0.00808132 -0.02612009 -0.01973105  0.03364535 -0.01489465 -0.03825739] left_ee=[0.04399989 0.04398949] right_arm=[ 0.36840275  1.8072852   1.0704794   0.19281456 -0.9581787  -0.2875033 ] right_ee=[0.0000000e+00 2.1534477e-06]
step=62 env=0 left_arm=[-0.00164718 -0.04758639 -0.03497262  0.0273001  -0.03144792 -0.04855628] left_ee=[0.04399803 0.0439839 ] right_arm=[ 0.35526428  1.7710954   0.9838947   0.3827578  -1.0592948  -0.2172264 ] right_ee=[0.0000000e+00 2.4250826e-06]
step=63 env=0 left_arm=[-0.0010881  -0.04650321 -0.02806998  0.02245828 -0.03164116 -0.04060311] left_ee=[0.04399907 0.04397632] right_arm=[ 0.3508962   1.7272762   0.9193703   0.566282   -1.1292483  -0.15102783] right_ee=[0.0000000e+00 5.3495346e-06]
step=64 env=0 left_arm=[ 0.00205815 -0.06069591 -0.03289238  0.02187072 -0.03940251 -0.04299071] left_ee=[0.04399642 0.04399246] right_arm=[ 0.34579793  1.7104324   0.88013124  0.6866269  -1.1760086  -0.10498631] right_ee=[0.0000000e+00 8.7897627e-07]
step=65 env=0 left_arm=[ 0.0030283  -0.06434087 -0.0312562   0.01737953 -0.04448347 -0.0372283 ] left_ee=[0.04399993 0.04399075] right_arm=[ 0.34382132  1.6854839   0.8475337   0.7553725  -1.2135183  -0.08061623] right_ee=[0.0000000e+00 3.1605495e-07]
step=66 env=0 left_arm=[ 0.00518783 -0.06968011 -0.0350232   0.01745252 -0.0465495  -0.04034681] left_ee=[0.04399973 0.04399477] right_arm=[ 0.34581593  1.6781232   0.82937837  0.7916755  -1.2292418  -0.06130203] right_ee=[0. 0.]
step=67 env=0 left_arm=[ 0.00691918 -0.08625592 -0.03619286  0.01587418 -0.06284084 -0.04466069] left_ee=[0.04399987 0.04398944] right_arm=[ 0.34584522  1.6571366   0.78787714  0.8588097  -1.2678338  -0.01990201] right_ee=[0. 0.]
step=68 env=0 left_arm=[ 0.00847758 -0.09447835 -0.03611422  0.00853549 -0.07080093 -0.04356864] left_ee=[0.044      0.04398859] right_arm=[ 0.35151255  1.639162    0.7724825   0.8815689  -1.2771405  -0.01049019] right_ee=[0. 0.]
step=69 env=0 left_arm=[ 0.00916085 -0.09675701 -0.03610149  0.01271257 -0.06902912 -0.04584349] left_ee=[0.04399925 0.0439895 ] right_arm=[ 3.5308602e-01  1.6427264e+00  7.6215172e-01  9.0402472e-01
 -1.2865837e+00  1.1950722e-03] right_ee=[0. 0.]
step=70 env=0 left_arm=[ 0.01096098 -0.09828242 -0.03610212  0.00814954 -0.06801119 -0.04297365] left_ee=[0.0439982  0.04399705] right_arm=[ 0.35617265  1.6358025   0.7590494   0.9128923  -1.2854898   0.00795523] right_ee=[0. 0.]
step=71 env=0 left_arm=[ 0.00924288 -0.0981888  -0.03611142  0.00841301 -0.06858964 -0.04313744] left_ee=[0.0439986  0.04399651] right_arm=[ 0.35786536  1.6319906   0.7500207   0.9219572  -1.2868102   0.01830157] right_ee=[0. 0.]
step=72 env=0 left_arm=[ 0.00774343 -0.08509076 -0.03624567  0.0165079  -0.05597214 -0.03922904] left_ee=[0.0439911  0.04399681] right_arm=[ 0.35856956  1.6411211   0.7550827   0.927344   -1.2879413   0.01363877] right_ee=[0. 0.]
step=73 env=0 left_arm=[ 0.00732039 -0.08478101 -0.03625688  0.01416285 -0.05595038 -0.04317064] left_ee=[0.04398647 0.04399817] right_arm=[ 0.36005718  1.6422405   0.7545607   0.92940676 -1.2911859   0.01763582] right_ee=[0. 0.]
step=74 env=0 left_arm=[ 0.00573171 -0.07938673 -0.03628214  0.00918154 -0.05115132 -0.03850397] left_ee=[0.04399359 0.04399547] right_arm=[ 0.36948487  1.639557    0.7545945   0.92565876 -1.2842369   0.01708544] right_ee=[0. 0.]
step=75 env=0 left_arm=[ 0.00362288 -0.07734329 -0.036321    0.01075208 -0.05081773 -0.03546422] left_ee=[0.0439936  0.04399882] right_arm=[ 0.37091428  1.6338145   0.7475806   0.9284031  -1.2801099   0.02467533] right_ee=[0. 0.]
step=76 env=0 left_arm=[ 0.00140414 -0.06151628 -0.03639572  0.01316524 -0.03863866 -0.03188135] left_ee=[0.04399089 0.04399758] right_arm=[ 0.37406307  1.6364446   0.75457054  0.9164392  -1.2725177   0.01382284] right_ee=[0. 0.]
step=77 env=0 left_arm=[-0.00199304 -0.03959178 -0.02718467  0.01055813 -0.0198901  -0.02809887] left_ee=[0.04398579 0.044     ] right_arm=[ 0.37822714  1.6311692   0.7537077   0.91696304 -1.268274    0.02112215] right_ee=[0. 0.]
step=78 env=0 left_arm=[-0.00718432 -0.01495061 -0.01472369  0.01292353 -0.00444535 -0.01799942] left_ee=[0.04398599 0.04399984] right_arm=[ 0.38144517  1.6327802   0.7582872   0.9073677  -1.2584618   0.01264628] right_ee=[0. 0.]
step=79 env=0 left_arm=[-0.01392767  0.02251801  0.00764521  0.01926713  0.02392462 -0.0040721 ] left_ee=[0.04397775 0.044     ] right_arm=[ 0.38457     1.6361403   0.7629073   0.9027909  -1.2510358   0.00829994] right_ee=[0. 0.]
step=80 env=0 left_arm=[-0.03201413  0.10198187  0.05528343  0.0260522   0.08810624  0.01133623] left_ee=[0.04395126 0.044     ] right_arm=[ 0.3872342   1.6334164   0.7642309   0.8958827  -1.2449145   0.00880377] right_ee=[0. 0.]
step=81 env=0 left_arm=[-0.0495779   0.19320302  0.10611342  0.03120532  0.15673237  0.04161066] left_ee=[0.04395309 0.044     ] right_arm=[ 0.38762692  1.6352603   0.7677592   0.8923808  -1.2360331   0.00768251] right_ee=[0. 0.]
step=82 env=0 left_arm=[-0.06557792  0.26801255  0.15707415  0.03712614  0.21455473  0.07157034] left_ee=[0.04396238 0.044     ] right_arm=[ 0.38686138  1.631438    0.7694337   0.8899673  -1.2302912   0.00281752] right_ee=[0. 0.]
step=83 env=0 left_arm=[-0.10351674  0.42802653  0.25787508  0.05053453  0.34620205  0.11696864] left_ee=[0.04393371 0.044     ] right_arm=[ 3.8605413e-01  1.6334066e+00  7.6505429e-01  8.8465923e-01
 -1.2261242e+00 -5.0919695e-04] right_ee=[0. 0.]
step=84 env=0 left_arm=[-0.13612057  0.5773736   0.34770674  0.06654054  0.45831385  0.15659262] left_ee=[0.04396272 0.044     ] right_arm=[ 0.38783455  1.6208354   0.7608412   0.88108885 -1.2188373   0.00316896] right_ee=[0. 0.]
step=85 env=0 left_arm=[-0.18064293  0.7570047   0.47147098  0.09632216  0.62165123  0.20615628] left_ee=[0.04392536 0.044     ] right_arm=[ 0.38387173  1.6140276   0.75617087  0.8836763  -1.2167542   0.00322921] right_ee=[0. 0.]
step=86 env=0 left_arm=[-0.21322355  0.9267995   0.5627411   0.11511477  0.74062085  0.25807476] left_ee=[0.04398954 0.044     ] right_arm=[ 0.38093314  1.6153629   0.7586206   0.87994933 -1.2118132   0.00614371] right_ee=[0. 0.]
step=87 env=0 left_arm=[-0.23502558  1.0257077   0.6201977   0.13079768  0.8147904   0.28045955] left_ee=[0.044 0.044] right_arm=[ 0.38113204  1.6127027   0.75795704  0.87685794 -1.2083154   0.00292515] right_ee=[0. 0.]
step=88 env=0 left_arm=[-0.27438506  1.1980832   0.7206904   0.17680645  0.9541438   0.32023865] left_ee=[0.0439941 0.044    ] right_arm=[ 0.38098088  1.6081555   0.7501863   0.88101965 -1.2101521   0.01065023] right_ee=[0. 0.]
step=89 env=0 left_arm=[-0.30465594  1.3379118   0.79571605  0.19850947  1.0560834   0.34601355] left_ee=[0.044      0.04397841] right_arm=[ 0.37852192  1.6001773   0.7446444   0.8844216  -1.2120605   0.01648331] right_ee=[0. 0.]
step=90 env=0 left_arm=[-0.3241182   1.42982     0.84144366  0.22199735  1.1229341   0.3733586 ] left_ee=[0.044      0.04397664] right_arm=[ 0.37588352  1.6072624   0.74409086  0.8857578  -1.2131232   0.0158514 ] right_ee=[0. 0.]
step=91 env=0 left_arm=[-0.33963537  1.4783084   0.86860734  0.22939885  1.1591331   0.38744822] left_ee=[0.044      0.04397512] right_arm=[ 0.37513286  1.60646     0.7417683   0.88451236 -1.2140347   0.01403207] right_ee=[0. 0.]
step=92 env=0 left_arm=[-0.34920412  1.5199012   0.89226854  0.2319898   1.193233    0.39249435] left_ee=[0.044      0.04398844] right_arm=[ 0.3738643   1.6017755   0.7400025   0.88612956 -1.2182103   0.01451435] right_ee=[0. 0.]
step=93 env=0 left_arm=[-0.3593422   1.5615637   0.91517377  0.24297455  1.2183734   0.40816903] left_ee=[0.044      0.04398201] right_arm=[ 0.37373185  1.6061656   0.7430528   0.88514286 -1.2186395   0.00996373] right_ee=[0. 0.]
step=94 env=0 left_arm=[-0.37098283  1.5917686   0.931846    0.25435495  1.2413626   0.4153915 ] left_ee=[0.044      0.04397989] right_arm=[ 0.3717638   1.6095369   0.74315697  0.88607466 -1.218927    0.00941831] right_ee=[0. 0.]
step=95 env=0 left_arm=[-0.378922    1.6247959   0.9480578   0.25665346  1.2672774   0.43073568] left_ee=[0.044      0.04399021] right_arm=[ 0.37151125  1.6069149   0.7385433   0.891165   -1.2277265   0.01177824] right_ee=[0. 0.]
step=96 env=0 left_arm=[-0.3871653   1.6421417   0.96019703  0.2623685   1.2807281   0.43794253] left_ee=[0.04363427 0.04361621] right_arm=[ 0.37119672  1.6175394   0.74460155  0.8976373  -1.2327795   0.01512345] right_ee=[0. 0.]
step=97 env=0 left_arm=[-0.39444572  1.6618994   0.9683744   0.27933586  1.297981    0.43162304] left_ee=[0.04241054 0.04239545] right_arm=[ 0.37152854  1.6148529   0.74522257  0.90546554 -1.2411196   0.00985857] right_ee=[0. 0.]
step=98 env=0 left_arm=[-0.4019772   1.6655982   0.9715486   0.2790252   1.3028026   0.42448968] left_ee=[0.04108755 0.04106009] right_arm=[ 0.37048116  1.6211826   0.7474925   0.9119267  -1.2431902   0.01127507] right_ee=[0. 0.]
step=99 env=0 left_arm=[-0.39772403  1.6711808   0.9772943   0.2620155   1.2966495   0.4459982 ] left_ee=[0.04004565 0.04006835] right_arm=[ 0.36545238  1.6156362   0.749168    0.90300786 -1.2404376   0.00821677] right_ee=[0. 0.]
step=100 env=0 left_arm=[-0.40295607  1.6776465   0.9770682   0.2730725   1.3015543   0.4402373 ] left_ee=[0.03853139 0.03850685] right_arm=[ 0.36604407  1.6106861   0.7432709   0.91720134 -1.2482064   0.01184913] right_ee=[0. 0.]
step=101 env=0 left_arm=[-0.4231262  1.6840042  1.0033937  0.2050376  1.2732513  0.4856196] left_ee=[0.0296852  0.02965796] right_arm=[ 0.36454716  1.6760678   0.72806716  0.9582283  -1.2593038   0.05287791] right_ee=[0.00813167 0.00812565]
step=102 env=0 left_arm=[-0.41934934  1.6951396   1.0232973   0.15690124  1.2663279   0.51850814] left_ee=[0.02123315 0.02365655] right_arm=[ 0.3613869   1.6796762   0.72488856  0.961317   -1.257055    0.06035985] right_ee=[0.01190371 0.01428294]
step=103 env=0 left_arm=[-0.41566175  1.6916587   1.0238795   0.14795563  1.2631239   0.5228014 ] left_ee=[0.01865643 0.02198841] right_arm=[ 0.3587501   1.6847452   0.72841614  0.9655214  -1.2639225   0.05898286] right_ee=[0.01045388 0.01343799]
step=104 env=0 left_arm=[-0.41100535  1.6919465   1.0256069   0.14356929  1.263872    0.525271  ] left_ee=[0.01675723 0.02047929] right_arm=[ 0.3562273   1.7008116   0.7396525   0.97477186 -1.2773057   0.05784497] right_ee=[0.00948518 0.01203648]
step=105 env=0 left_arm=[-0.40884393  1.6874247   1.0289315   0.13310131  1.2594876   0.5274285 ] left_ee=[0.01414144 0.01893678] right_arm=[ 0.35310763  1.6971903   0.7363827   0.9743654  -1.2767508   0.05739635] right_ee=[0.00785217 0.01165668]
step=106 env=0 left_arm=[-0.40549776  1.685669    1.0380836   0.10874783  1.2513033   0.54113054] left_ee=[0.01045715 0.0171045 ] right_arm=[ 0.34958115  1.688555    0.7317001   0.96508723 -1.2701561   0.05612746] right_ee=[0.00531449 0.01138063]
step=107 env=0 left_arm=[-0.40130833  1.6846493   1.041125    0.10206873  1.2471516   0.54337686] left_ee=[0.00693243 0.0147335 ] right_arm=[ 0.34683174  1.691826    0.73578644  0.9659234  -1.273203    0.05694065] right_ee=[0.00265221 0.00996508]
step=108 env=0 left_arm=[-0.3913433   1.6783088   1.0465206   0.09040647  1.2361027   0.5477337 ] left_ee=[0.00184168 0.01168724] right_arm=[ 0.3390653   1.6917963   0.7425397   0.9678676  -1.2747842   0.05905078] right_ee=[0.00010165 0.00960027]
step=109 env=0 left_arm=[-0.38001     1.681401    1.0557374   0.06193493  1.2214011   0.5606585 ] left_ee=[0.         0.00099282] right_arm=[ 0.33578312  1.6742092   0.7348952   0.9598256  -1.2655133   0.0587768 ] right_ee=[0.00856906 0.01242281]
step=110 env=0 left_arm=[-0.36703652  1.6839608   1.0711437   0.02205987  1.1955451   0.5819431 ] left_ee=[0. 0.] right_arm=[ 0.32989264  1.6544294   0.72937053  0.9496733  -1.2525415   0.05980057] right_ee=[0.01689971 0.01840727]
step=111 env=0 left_arm=[-0.36321664  1.6784194   1.0711088   0.0147867   1.1946403   0.5828297 ] left_ee=[0. 0.] right_arm=[ 0.3255042   1.6533979   0.7299176   0.95135677 -1.2569976   0.05957653] right_ee=[0.02485709 0.02544106]
step=112 env=0 left_arm=[-0.33892873  1.6783371   1.0969769  -0.05385248  1.1407589   0.62093   ] left_ee=[6.8318990e-08 5.3392554e-08] right_arm=[ 0.30906698  1.5841165   0.70895123  0.9274477  -1.2196441   0.06223825] right_ee=[0.03179865 0.03208219]
step=113 env=0 left_arm=[-0.32654527  1.6836492   1.1213734  -0.11019757  1.107319    0.65047824] left_ee=[0. 0.] right_arm=[ 0.29932025  1.529486    0.68764484  0.9023912  -1.1862907   0.06590421] right_ee=[0.03620236 0.03632141]
step=114 env=0 left_arm=[-0.31699073  1.6890359   1.1356589  -0.1378223   1.0919998   0.66380113] left_ee=[0. 0.] right_arm=[ 0.29503834  1.511441    0.6804047   0.8963734  -1.174108    0.06736188] right_ee=[0.03872354 0.03874281]
step=115 env=0 left_arm=[-0.27761257  1.682654    1.1654007  -0.24270341  1.0054414   0.71123165] left_ee=[1.9731528e-06 1.2439477e-07] right_arm=[ 0.26760238  1.3806022   0.6429931   0.8240706  -1.0937213   0.07060704] right_ee=[0.04069862 0.04081945]
step=116 env=0 left_arm=[-0.261591    1.6849467   1.1895108  -0.30801913  0.95973927  0.7534946 ] left_ee=[0. 0.] right_arm=[ 0.25520298  1.3096877   0.61629623  0.7777046  -1.0450549   0.07146072] right_ee=[0.04182748 0.04186881]
step=117 env=0 left_arm=[-0.25042546  1.6879767   1.211522   -0.37181026  0.92387885  0.7771507 ] left_ee=[0. 0.] right_arm=[ 0.24755333  1.2564968   0.6001104   0.7407394  -1.0042129   0.06967426] right_ee=[0.04216613 0.04218092]
step=118 env=0 left_arm=[-0.22682512  1.687521    1.2317034  -0.42823553  0.8717795   0.8190415 ] left_ee=[0. 0.] right_arm=[ 0.23511255  1.2056521   0.57693917  0.70447886 -0.9523781   0.06907047] right_ee=[0.04205717 0.04205944]
step=119 env=0 left_arm=[-0.20092167  1.6934341   1.2702961  -0.52250266  0.80179983  0.880713  ] left_ee=[0. 0.] right_arm=[ 0.21770072  1.0966665   0.53535366  0.6450675  -0.87437886  0.07001526] right_ee=[0.04213409 0.04222328]
step=120 env=0 left_arm=[-0.17418319  1.6855288   1.2916662  -0.5978614   0.7330386   0.9159198 ] left_ee=[1.5318867e-07 0.0000000e+00] right_arm=[ 0.20242862  1.0200086   0.5063896   0.58406436 -0.7977681   0.0627346 ] right_ee=[0.04178424 0.0418068 ]
step=121 env=0 left_arm=[-0.15209235  1.7000194   1.3339666  -0.68979055  0.67458546  0.9727312 ] left_ee=[0. 0.] right_arm=[ 0.18574293  0.9410526   0.46529084  0.5544369  -0.73592013  0.05746971] right_ee=[0.04168031 0.0417404 ]
step=122 env=0 left_arm=[-0.1245962  1.6930182  1.3603115 -0.7605301  0.6086738  1.0157369] left_ee=[0. 0.] right_arm=[ 0.16586989  0.8472997   0.43144345  0.49591127 -0.6682524   0.05522026] right_ee=[0.04218185 0.04224108]
step=123 env=0 left_arm=[-0.0973371  1.6989118  1.402711  -0.8637814  0.52918    1.0660908] left_ee=[0. 0.] right_arm=[ 0.14813265  0.7419277   0.38654518  0.43168563 -0.5777183   0.04715556] right_ee=[0.04205319 0.04211441]
step=124 env=0 left_arm=[-0.0859516   1.705104    1.4224212  -0.91269755  0.49908447  1.0921514 ] left_ee=[0. 0.] right_arm=[ 0.14042443  0.68714917  0.3642838   0.3990626  -0.54290557  0.04658987] right_ee=[0.04231265 0.04239003]
step=125 env=0 left_arm=[-0.02191582  1.6899859   1.4902611  -1.0904558   0.33842131  1.202895  ] left_ee=[0.000000e+00 5.079585e-07] right_arm=[ 0.09786253  0.50682217  0.2683028   0.27137923 -0.3757349   0.03478076] right_ee=[0.04288584 0.04292825]
step=126 env=0 left_arm=[ 0.01658559  1.7019852   1.5439042  -1.2459217   0.23002078  1.2869967 ] left_ee=[0.0000000e+00 4.3626366e-07] right_arm=[ 0.06585322  0.32835847  0.19168489  0.17811096 -0.2536755   0.03496606] right_ee=[0.04333946 0.04356216]
step=127 env=0 left_arm=[ 0.04065529  1.6989806   1.5623344  -1.2990366   0.18068968  1.3217937 ] left_ee=[0. 0.] right_arm=[ 0.05023464  0.2544936   0.15842433  0.14814429 -0.20463482  0.03171961] right_ee=[0.04357136 0.04377643]
step=128 env=0 left_arm=[ 0.06952883  1.6947764   1.5999508  -1.3993224   0.09567728  1.3788471 ] left_ee=[0.0000000e+00 1.4006911e-08] right_arm=[ 0.03147821  0.14070763  0.11457296  0.07211632 -0.11044967  0.03652063] right_ee=[0.0437891  0.04389168]
step=129 env=0 left_arm=[ 0.09705473  1.6859475   1.6151727  -1.4515184   0.04508019  1.4228082 ] left_ee=[0. 0.] right_arm=[ 0.01341668  0.06520434  0.07430474  0.03016027 -0.05882432  0.03771198] right_ee=[0.04385065 0.04398464]
step=130 env=0 left_arm=[ 0.1240746   1.6846553   1.6265205  -1.5138094  -0.02692281  1.4681768 ] left_ee=[0. 0.] right_arm=[-0.00312911 -0.03014464  0.02703774 -0.01173664  0.00748762  0.0448874 ] right_ee=[0.04391867 0.044     ]
step=131 env=0 left_arm=[ 0.13500933  1.6882806   1.6280748  -1.521912   -0.04634407  1.4754456 ] left_ee=[0. 0.] right_arm=[-0.01020584 -0.05138596  0.01436838 -0.01790841  0.02158231  0.04510684] right_ee=[0.04390574 0.04398835]
step=132 env=0 left_arm=[ 0.14217667  1.6811359   1.6243254  -1.5216299  -0.04948437  1.4893608 ] left_ee=[0. 0.] right_arm=[-0.01320164 -0.06356469  0.00481921 -0.02124009  0.01873899  0.05076719] right_ee=[0.04393047 0.04398375]
step=133 env=0 left_arm=[ 0.14805883  1.6919296   1.632805   -1.5317044  -0.06501035  1.5011258 ] left_ee=[0. 0.] right_arm=[-0.01740518 -0.07879573 -0.00155886 -0.02117498  0.02907964  0.05767055] right_ee=[0.04396305 0.04397802]
step=134 env=0 left_arm=[ 0.15727803  1.6881588   1.6319013  -1.5381722  -0.07639986  1.5222595 ] left_ee=[0. 0.] right_arm=[-0.0157443  -0.09361752 -0.00932971 -0.02962178  0.03488217  0.06250847] right_ee=[0.0439697  0.04399275]
step=135 env=0 left_arm=[ 0.16677256  1.685106    1.6199166  -1.5392516  -0.08111814  1.515566  ] left_ee=[0. 0.] right_arm=[-0.01713627 -0.0917943  -0.00760102 -0.0402524   0.03602333  0.06003047] right_ee=[0.04398103 0.04399248]
step=136 env=0 left_arm=[ 0.17152198  1.6927555   1.6291181  -1.5511402  -0.07961455  1.5170277 ] left_ee=[0. 0.] right_arm=[-0.02052917 -0.09529946 -0.01362896 -0.03630227  0.02798338  0.06735341] right_ee=[0.04398705 0.04399539]
step=137 env=0 left_arm=[ 0.17291555  1.7008756   1.6169673  -1.5393337  -0.07293604  1.5387892 ] left_ee=[0. 0.] right_arm=[-0.01854661 -0.0948017  -0.02173382 -0.02852475  0.02219415  0.06664927] right_ee=[0.04399202 0.04399512]
step=138 env=0 left_arm=[ 0.1808789   1.7021382   1.6188508  -1.5470582  -0.07524168  1.5337443 ] left_ee=[0. 0.] right_arm=[-0.01815691 -0.09855697 -0.02072675 -0.0340569   0.02734971  0.06388294] right_ee=[0.04399728 0.0439916 ]
step=139 env=0 left_arm=[ 0.18686922  1.7059089   1.613017   -1.5533981  -0.07242271  1.5331682 ] left_ee=[0. 0.] right_arm=[-0.01763288 -0.09595033 -0.02053112 -0.03621764  0.02273503  0.06353857] right_ee=[0.04399475 0.043997  ]
step=140 env=0 left_arm=[ 0.1921687   1.7103447   1.6066185  -1.5454258  -0.07214237  1.5406404 ] left_ee=[0. 0.] right_arm=[-0.01729527 -0.09904015 -0.02438544 -0.03009724  0.02572879  0.06574487] right_ee=[0.04399864 0.04399432]
step=141 env=0 left_arm=[ 0.19430457  1.7100137   1.5943563  -1.5373529  -0.06609308  1.5490259 ] left_ee=[0.00109592 0.00108005] right_arm=[-0.01633568 -0.10025656 -0.02947368 -0.02768918  0.02187089  0.06330078] right_ee=[0.04399719 0.04399709]
step=142 env=0 left_arm=[ 0.19801117  1.7076147   1.5813016  -1.5277578  -0.06071498  1.554905  ] left_ee=[0.00297346 0.0029649 ] right_arm=[-0.01523837 -0.1015068  -0.03264345 -0.02537001  0.02167532  0.06110811] right_ee=[0.04399946 0.04399619]
step=143 env=0 left_arm=[ 0.20327021  1.702744    1.5673206  -1.5278752  -0.05549371  1.5517478 ] left_ee=[0.00546412 0.00544591] right_arm=[-0.01403316 -0.10099088 -0.03134304 -0.02362491  0.02197479  0.05848071] right_ee=[0.04399941 0.04399848]
step=144 env=0 left_arm=[ 0.20313105  1.6903013   1.5461929  -1.5065008  -0.0472916   1.5496371 ] left_ee=[0.00863813 0.00864566] right_arm=[-0.01362261 -0.09487528 -0.03029143 -0.02592977  0.01832303  0.0570559 ] right_ee=[0.044     0.0439977]
step=145 env=0 left_arm=[ 0.20253386  1.6805625   1.5284928  -1.4903289  -0.04037796  1.5443871 ] left_ee=[0.01140465 0.01140583] right_arm=[-0.01291064 -0.0933005  -0.03033007 -0.0302702   0.01731438  0.05762149] right_ee=[0.044      0.04399728]
step=146 env=0 left_arm=[ 0.20102769  1.6552738   1.4969666  -1.4634081  -0.03121307  1.5195127 ] left_ee=[0.01486741 0.01484606] right_arm=[-0.01279048 -0.08518868 -0.02492109 -0.03954886  0.01225132  0.05274117] right_ee=[0.04399993 0.04399706]
step=147 env=0 left_arm=[ 0.2012245   1.6447958   1.4783242  -1.4468347  -0.02473073  1.5085169 ] left_ee=[0.01774275 0.01775617] right_arm=[-0.01234872 -0.07993148 -0.02162217 -0.04242671  0.014351    0.05015155] right_ee=[0.04399912 0.04399588]
step=148 env=0 left_arm=[ 0.19746433  1.6260515   1.4528171  -1.4246005  -0.02388617  1.4949627 ] left_ee=[0.01970991 0.01970382] right_arm=[-0.01119297 -0.07747968 -0.02292784 -0.04740589  0.01204101  0.04854362] right_ee=[0.04399817 0.04399786]
step=149 env=0 left_arm=[ 0.19309609  1.5988797   1.4201028  -1.3900653  -0.02017527  1.4651767 ] left_ee=[0.0214952  0.02149096] right_arm=[-0.01159801 -0.07488699 -0.02205439 -0.05804626  0.00895168  0.04905247] right_ee=[0.044      0.04399698]
step=150 env=0 left_arm=[ 0.18643948  1.5605365   1.3783801  -1.3490243  -0.01659259  1.4273049 ] left_ee=[0.02296159 0.02294509] right_arm=[-0.01131836 -0.07270198 -0.02363975 -0.06002543  0.01013908  0.05275114] right_ee=[0.04399939 0.04399758]
step=151 env=0 left_arm=[ 0.19212857  1.6322826   1.440087   -1.3504919   0.03375255  1.6014942 ] left_ee=[0.02978161 0.02989693] right_arm=[ 0.05182132  0.10628415  0.07070465 -0.04078839  0.0306181  -0.0059427 ] right_ee=[0.04398792 0.04395572]
step=152 env=0 left_arm=[ 0.19617945  1.6037416   1.4097575  -1.326729    0.03793542  1.5826718 ] left_ee=[0.03440073 0.03421816] right_arm=[ 0.06529792  0.17682089  0.08668008 -0.04775917  0.03281311 -0.01273204] right_ee=[0.04399553 0.04393706]
step=153 env=0 left_arm=[ 0.19721158  1.5712926   1.3838252  -1.306177    0.03751246  1.5624784 ] left_ee=[0.03736535 0.03730184] right_arm=[ 0.07308632  0.20153189  0.09716544 -0.0601241   0.03510826 -0.01882924] right_ee=[0.04399925 0.04396522]
step=154 env=0 left_arm=[ 0.1928302   1.5394423   1.3570482  -1.2891835   0.03917532  1.5200984 ] left_ee=[0.03966693 0.03964549] right_arm=[ 0.07918137  0.22929679  0.1064023  -0.06326662  0.03455089 -0.0209028 ] right_ee=[0.04399957 0.04398343]
step=155 env=0 left_arm=[ 0.18857077  1.5022954   1.3248233  -1.2669845   0.03384289  1.4802674 ] left_ee=[0.04143433 0.04143203] right_arm=[ 0.08511022  0.2541304   0.11906249 -0.07626391  0.03514679 -0.0306095 ] right_ee=[0.044      0.04399025]
step=156 env=0 left_arm=[ 0.185564    1.456818    1.2830236  -1.2376792   0.03356501  1.4288453 ] left_ee=[0.04249351 0.04249418] right_arm=[ 0.09301417  0.28012475  0.13636154 -0.08387664  0.03575563 -0.0336224 ] right_ee=[0.044      0.04399232]
step=157 env=0 left_arm=[ 0.17720187  1.3891468   1.2170558  -1.1783873   0.03246001  1.357937  ] left_ee=[0.04313522 0.04313558] right_arm=[ 0.10727326  0.31365493  0.15054089 -0.09823906  0.04334134 -0.03942618] right_ee=[0.04399924 0.04398899]
step=158 env=0 left_arm=[ 0.17294057  1.3377756   1.1708661  -1.1405247   0.02540077  1.3063401 ] left_ee=[0.04348663 0.0435208 ] right_arm=[ 0.11216177  0.3371612   0.16891441 -0.11507072  0.04712727 -0.05302004] right_ee=[0.044      0.04398615]
step=159 env=0 left_arm=[ 0.16588008  1.2698218   1.1059685  -1.0822775   0.02039912  1.2358512 ] left_ee=[0.04372445 0.04373676] right_arm=[ 0.12129644  0.36231077  0.18493181 -0.1234369   0.0428116  -0.05092606] right_ee=[0.04399659 0.04398814]
step=160 env=0 left_arm=[ 0.15572958  1.1822807   1.0323786  -1.0175127   0.01235014  1.1590939 ] left_ee=[0.04386845 0.04388687] right_arm=[ 0.13137965  0.39389175  0.21089399 -0.15226482  0.04537688 -0.0680849 ] right_ee=[0.044      0.04398907]
step=161 env=0 left_arm=[ 0.14271729  1.0511268   0.9168833  -0.9191204   0.00193189  1.0353609 ] left_ee=[0.04395168 0.044     ] right_arm=[ 0.14177169  0.4140638   0.23966184 -0.16818498  0.05444464 -0.07601701] right_ee=[0.044      0.04398814]
step=162 env=0 left_arm=[ 0.1355884   1.0366795   0.8965377  -0.88924724  0.00456105  1.0082659 ] left_ee=[0.04391276 0.04397039] right_arm=[ 0.14525826  0.43617746  0.2516476  -0.18317136  0.04922029 -0.08238742] right_ee=[0.04399914 0.04399185]
step=163 env=0 left_arm=[ 0.12862395  0.94445795  0.8090625  -0.8194952   0.00159742  0.9159286 ] left_ee=[0.04396206 0.04397867] right_arm=[ 0.15169339  0.45232707  0.2714182  -0.19073969  0.05683649 -0.08924867] right_ee=[0.0439225  0.04390901]
step=164 env=0 left_arm=[ 0.10879103  0.80514157  0.6867647  -0.6953569  -0.00381277  0.79517233] left_ee=[0.04396442 0.044     ] right_arm=[ 0.15682375  0.48466966  0.3019076  -0.21910776  0.05827488 -0.1109631 ] right_ee=[0.0435425  0.04353618]
step=165 env=0 left_arm=[ 0.10152102  0.7303493   0.61425644 -0.6359627   0.00118894  0.7119595 ] left_ee=[0.04397028 0.044     ] right_arm=[ 0.15634254  0.46776792  0.31317294 -0.21339701  0.06187511 -0.10533983] right_ee=[0.04314822 0.04311994]
step=166 env=0 left_arm=[ 0.09248007  0.67036784  0.55284405 -0.572517   -0.00275362  0.6751856 ] left_ee=[0.043972  0.0439925] right_arm=[ 0.1722864   0.51920205  0.34446272 -0.23578945  0.06227689 -0.10843411] right_ee=[0.04286883 0.04289763]
step=167 env=0 left_arm=[ 0.08382588  0.57143813  0.47637397 -0.49138364 -0.000846    0.56399775] left_ee=[0.04398677 0.044     ] right_arm=[ 0.16442263  0.4984403   0.3480644  -0.2329451   0.06481125 -0.11587775] right_ee=[0.04207566 0.04202948]
step=168 env=0 left_arm=[ 0.07235453  0.48387098  0.39891943 -0.41073975 -0.00286869  0.4592092 ] left_ee=[0.04398472 0.044     ] right_arm=[ 0.16636144  0.52562755  0.37124902 -0.2570624   0.06274401 -0.12658785] right_ee=[0.04164838 0.04166115]
step=169 env=0 left_arm=[ 0.05585967  0.35673612  0.28407997 -0.3006089  -0.00490313  0.35027346] left_ee=[0.04397753 0.044     ] right_arm=[ 0.16240746  0.5263852   0.3818401  -0.2563634   0.05721159 -0.12826857] right_ee=[0.04096211 0.0409504 ]
step=170 env=0 left_arm=[ 0.04273112  0.2569407   0.20581329 -0.21398844 -0.01463102  0.26974827] left_ee=[0.04396833 0.044     ] right_arm=[ 0.16108057  0.5237      0.38753387 -0.26076522  0.05363694 -0.12920065] right_ee=[0.04015929 0.04016088]
step=171 env=0 left_arm=[ 0.03625392  0.22770226  0.18143435 -0.18677872 -0.01293514  0.23093528] left_ee=[0.04397631 0.044     ] right_arm=[ 0.15523434  0.5003459   0.37431675 -0.26522836  0.05149766 -0.1336094 ] right_ee=[0.0400398  0.04004053]
step=172 env=0 left_arm=[ 0.02042045  0.10119523  0.07742693 -0.08340825 -0.01705824  0.11966715] left_ee=[0.0439871 0.044    ] right_arm=[ 0.15150402  0.50525975  0.38361338 -0.26872683  0.04368722 -0.13653907] right_ee=[0.03952106 0.03952239]
step=173 env=0 left_arm=[ 0.02010606  0.10967108  0.07730591 -0.08489515 -0.01727693  0.11424045] left_ee=[0.04394411 0.04396671] right_arm=[ 0.15212545  0.5085723   0.38682044 -0.2846551   0.05095693 -0.14601311] right_ee=[0.0394824  0.03948593]
step=174 env=0 left_arm=[ 0.01071354  0.03190689  0.01719654 -0.02993279 -0.01513589  0.05076883] left_ee=[0.04397995 0.04399416] right_arm=[ 0.14395542  0.48302805  0.37170336 -0.26091722  0.04463441 -0.14097397] right_ee=[0.03900243 0.0389944 ]
step=175 env=0 left_arm=[ 0.0059001   0.01253512  0.00321517 -0.01583367 -0.0168474   0.0402985 ] left_ee=[0.04397798 0.04399799] right_arm=[ 0.14782302  0.5107259   0.38640216 -0.26700735  0.04038448 -0.13595633] right_ee=[0.03858434 0.03860388]
step=176 env=0 left_arm=[ 0.00479968 -0.00221198 -0.0078015  -0.00492585 -0.01513263  0.02703141] left_ee=[0.04398443 0.04399749] right_arm=[ 0.1443403   0.4905449   0.37204447 -0.25479463  0.03967278 -0.1337545 ] right_ee=[0.03811371 0.03810505]
step=177 env=0 left_arm=[ 0.0030074  -0.02078747 -0.02168629  0.014717   -0.01603529  0.01747117] left_ee=[0.04398906 0.04399818] right_arm=[ 0.134851    0.465465    0.35987654 -0.25111136  0.03329573 -0.13696074] right_ee=[0.03811561 0.03810941]
step=178 env=0 left_arm=[-0.00015643 -0.04271131 -0.03589763  0.02570423 -0.01434183  0.00056255] left_ee=[0.04399522 0.04399814] right_arm=[ 0.13101278  0.44039023  0.3425657  -0.2362926   0.03221209 -0.12673163] right_ee=[0.0379702  0.03797696]
step=179 env=0 left_arm=[-0.00160604 -0.03503228 -0.03347937  0.01713031 -0.01491478  0.00092062] left_ee=[0.04399361 0.04399906] right_arm=[ 0.13686614  0.46241146  0.3547443  -0.24742341  0.03490616 -0.12676103] right_ee=[0.03793767 0.03795351]
step=180 env=0 left_arm=[-0.0024412  -0.03997614 -0.03433258  0.02255276 -0.01420553  0.00334912] left_ee=[0.04399584 0.04399881] right_arm=[ 0.13275415  0.45285672  0.3506064  -0.24553172  0.03103261 -0.13058701] right_ee=[0.03793967 0.03793148]
step=181 env=0 left_arm=[-0.00260429 -0.04257649 -0.03508158  0.03065156 -0.01178705 -0.01329095] left_ee=[0.04399777 0.044     ] right_arm=[ 0.13368271  0.45218644  0.35259983 -0.24231106  0.03023815 -0.12854587] right_ee=[0.03794351 0.03794401]
step=182 env=0 left_arm=[-0.00712065 -0.07610469 -0.03601279  0.04556172 -0.01146044 -0.0204064 ] left_ee=[0.04399402 0.04399985] right_arm=[ 0.12004644  0.4026263   0.3227621  -0.22891459  0.03317103 -0.12195441] right_ee=[0.03810222 0.03808725]
step=183 env=0 left_arm=[-9.35106073e-03 -5.23011088e-02 -3.63169536e-02  4.25049141e-02
 -1.50811575e-05 -2.81936657e-02] left_ee=[0.04399177 0.04399984] right_arm=[ 0.12571172  0.4228826   0.33352613 -0.22062117  0.03253965 -0.11841978] right_ee=[0.0378256  0.03785345]
step=184 env=0 left_arm=[-0.00665975 -0.06712735 -0.0361857   0.04582892 -0.00667091 -0.02098908] left_ee=[0.04398533 0.04399395] right_arm=[ 0.12343992  0.41188917  0.32347605 -0.21899685  0.03285639 -0.11490007] right_ee=[0.03774265 0.037745  ]
step=185 env=0 left_arm=[-0.00668905 -0.07083065 -0.03613966  0.04377836 -0.00882534 -0.02398824] left_ee=[0.04399715 0.04398942] right_arm=[ 0.12089626  0.40821633  0.3235411  -0.22805797  0.03058309 -0.12875903] right_ee=[0.0378951  0.03789661]
step=186 env=0 left_arm=[-0.00937307 -0.07593726 -0.0360118   0.04848807 -0.00396813 -0.03113307] left_ee=[0.04399396 0.04399189] right_arm=[ 0.11603301  0.38774976  0.31469938 -0.21758108  0.03465665 -0.11706448] right_ee=[0.03770844 0.03769843]
step=187 env=0 left_arm=[-0.0108472  -0.1007348  -0.03565214  0.05562373 -0.00534088 -0.02680857] left_ee=[0.04399255 0.04399782] right_arm=[ 0.10842295  0.36775437  0.29505843 -0.19757576  0.03254364 -0.10879326] right_ee=[0.03769689 0.0377046 ]
step=188 env=0 left_arm=[-0.01109655 -0.09106839 -0.03576727  0.05536097 -0.00097738 -0.02644057] left_ee=[0.04399528 0.04399818] right_arm=[ 0.11261301  0.39766428  0.3151187  -0.21655026  0.03308623 -0.12268636] right_ee=[0.03758835 0.03760531]
step=189 env=0 left_arm=[-0.01197541 -0.09499633 -0.03572699  0.06111939 -0.00036481 -0.02946191] left_ee=[0.04399581 0.04399892] right_arm=[ 0.10298007  0.35107017  0.28096846 -0.18679118  0.02655201 -0.09925531] right_ee=[0.03762469 0.0376137 ]
step=190 env=0 left_arm=[-0.01093672 -0.10268701 -0.03561667  0.06192338 -0.00354116 -0.03369909] left_ee=[0.04399507 0.0439973 ] right_arm=[ 0.09681899  0.3386597   0.27101895 -0.1837888   0.02729739 -0.10327384] right_ee=[0.03787989 0.03788058]
step=191 env=0 left_arm=[-0.01380614 -0.11190747 -0.03548019  0.05904271 -0.00079397 -0.02312598] left_ee=[0.04399575 0.04399319] right_arm=[ 0.09343069  0.33153385  0.26532885 -0.17369191  0.02931934 -0.09871393] right_ee=[0.03776193 0.03776778]
step=192 env=0 left_arm=[-0.01477719 -0.11188883 -0.03551919  0.06872038  0.00434949 -0.03176524] left_ee=[0.04399564 0.04399993] right_arm=[ 0.09207874  0.3187597   0.25821063 -0.16414246  0.02512479 -0.09866568] right_ee=[0.03774697 0.03775864]
step=193 env=0 left_arm=[-0.0141935  -0.12046652 -0.03535094  0.06194602 -0.00127938 -0.0344274 ] left_ee=[0.04399205 0.04399608] right_arm=[ 0.08928747  0.30807415  0.24910071 -0.16719139  0.03001345 -0.09713917] right_ee=[0.03776378 0.03776546]
step=194 env=0 left_arm=[-0.01485136 -0.13016711 -0.03519645  0.06962153 -0.00407774 -0.04403214] left_ee=[0.04399905 0.04399405] right_arm=[ 0.08299931  0.26654175  0.21468535 -0.14426114  0.02553715 -0.07685202] right_ee=[0.03811565 0.03812227]
step=195 env=0 left_arm=[-0.01540959 -0.12492508 -0.0358288   0.06894783 -0.00106357 -0.03964962] left_ee=[0.04399751 0.04399642] right_arm=[ 0.08011936  0.25990757  0.21277095 -0.13116902  0.02337906 -0.0715922 ] right_ee=[0.03824734 0.03824781]
step=196 env=0 left_arm=[-0.01537341 -0.12054226 -0.03586547  0.07133413  0.0039634  -0.03747313] left_ee=[0.04399709 0.04399895] right_arm=[ 0.07689599  0.2578663   0.2026914  -0.11668562  0.01548641 -0.06518482] right_ee=[0.03828503 0.03829309]
step=197 env=0 left_arm=[-0.01496834 -0.12514956 -0.03583352  0.06819788 -0.0006574  -0.04285118] left_ee=[0.0439945  0.04399693] right_arm=[ 0.07129636  0.22986016  0.18398559 -0.1107076   0.01823626 -0.05842771] right_ee=[0.0385142  0.03850749]
step=198 env=0 left_arm=[-0.0144769  -0.1549163  -0.03580322  0.06370529 -0.01111713 -0.04812997] left_ee=[0.04399777 0.0439944 ] right_arm=[ 0.05972471  0.18972416  0.16078305 -0.11462382  0.02765879 -0.06225394] right_ee=[0.0388703  0.03886665]
step=199 env=0 left_arm=[-0.01524239 -0.15262693 -0.03585536  0.06639403 -0.00762528 -0.04455504] left_ee=[0.04399692 0.04399091] right_arm=[ 0.05725666  0.17930023  0.14952953 -0.1001899   0.02057297 -0.0535594 ] right_ee=[0.03908774 0.03911789]
step=200 env=0 left_arm=[-0.01529326 -0.16473559 -0.03581522  0.06390587 -0.01227402 -0.04985175] left_ee=[0.0439948  0.04399758] right_arm=[ 0.04887981  0.14698716  0.12478506 -0.08537441  0.01990336 -0.04569479] right_ee=[0.03939411 0.03939475]
step=201 env=0 left_arm=[ 0.00017132 -0.05059586 -0.00704859  0.02676834 -0.01954946  0.00329459] left_ee=[0.04385794 0.04391244] right_arm=[ 0.10797098  0.24840206  0.19417733 -0.12964977  0.00182693 -0.11904361] right_ee=[0.04125093 0.04132523]
step=202 env=0 left_arm=[ 0.0010134  -0.04077319 -0.00621798  0.02357094 -0.02614261  0.01572021] left_ee=[0.04387896 0.04387048] right_arm=[ 0.13149694  0.32783803  0.2455871  -0.16005762 -0.0035608  -0.15349936] right_ee=[0.04244431 0.04236026]
step=203 env=0 left_arm=[ 0.00165635 -0.03568029 -0.00439249  0.01942376 -0.02530852  0.01694217] left_ee=[0.04392393 0.04391237] right_arm=[ 0.161839    0.43278477  0.31758186 -0.21733558 -0.0036397  -0.1984862 ] right_ee=[0.04311632 0.04305204]
step=204 env=0 left_arm=[ 0.00283031 -0.03635287 -0.00674818  0.00963895 -0.02747576  0.01678119] left_ee=[0.04395409 0.04395121] right_arm=[ 0.20885624  0.6079178   0.45269355 -0.3065687  -0.01050593 -0.2774283 ] right_ee=[0.0435626  0.04350074]
step=205 env=0 left_arm=[ 0.00398239 -0.03729342 -0.00246072  0.00100685 -0.0273441   0.01034621] left_ee=[0.04397434 0.04397063] right_arm=[ 0.2535447   0.7819086   0.58421236 -0.41275832 -0.01152836 -0.36001134] right_ee=[0.04384742 0.0437691 ]
step=206 env=0 left_arm=[ 0.00495642 -0.03720656 -0.00466103  0.00064123 -0.02583847  0.00632883] left_ee=[0.04398591 0.04398231] right_arm=[ 0.307029    0.966642    0.75428367 -0.53538096 -0.01078025 -0.47992525] right_ee=[0.044      0.04393322]
step=207 env=0 left_arm=[ 0.00520492 -0.04293389 -0.00667554 -0.00039324 -0.02723463  0.00143462] left_ee=[0.04399121 0.04399083] right_arm=[ 0.36473274  1.1542717   0.9218633  -0.660046   -0.0094139  -0.5899843 ] right_ee=[0.044      0.04398124]
step=208 env=0 left_arm=[ 0.00342109 -0.05177807 -0.02047065  0.00354388 -0.02842618  0.00015408] left_ee=[0.0439967  0.04399272] right_arm=[ 0.4250304   1.3448201   1.0870496  -0.77117646 -0.00546401 -0.69946617] right_ee=[0.044 0.044]
step=209 env=0 left_arm=[ 0.00401638 -0.04355489 -0.00825674  0.00258736 -0.02640251 -0.01014886] left_ee=[0.04370067 0.04370198] right_arm=[ 0.4677273   1.5267652   1.1922973  -0.8476194  -0.00509534 -0.7607533 ] right_ee=[0.044 0.044]
step=210 env=0 left_arm=[ 0.001471   -0.0466871  -0.02044712  0.00876287 -0.03063945 -0.00790318] left_ee=[0.04368961 0.04369126] right_arm=[ 0.5076259   1.7118821   1.3210146  -0.9393596   0.00434871 -0.8536321 ] right_ee=[0.044 0.044]
step=211 env=0 left_arm=[ 0.00305172 -0.04446764 -0.0193847   0.01321092 -0.03359467 -0.01026831] left_ee=[0.04357066 0.04357458] right_arm=[ 0.551634   1.8757933  1.4265891 -1.0171384  0.0140212 -0.9150917] right_ee=[0.04395925 0.044     ]
step=212 env=0 left_arm=[ 0.00177063 -0.04518687 -0.02081096  0.0116696  -0.03462864 -0.00867875] left_ee=[0.04334194 0.04333642] right_arm=[ 0.57377905  1.9582994   1.4810131  -1.0606401   0.02264405 -0.9544402 ] right_ee=[0.04392917 0.044     ]
step=213 env=0 left_arm=[ 0.00293576 -0.04444424 -0.02357119  0.01060131 -0.03265907 -0.01109626] left_ee=[0.04325705 0.04325652] right_arm=[ 0.58924615  2.0232925   1.5330411  -1.0978689   0.02348016 -0.9920737 ] right_ee=[0.04395134 0.044     ]
step=214 env=0 left_arm=[ 0.00382364 -0.04995925 -0.01984389  0.01199209 -0.03199701 -0.0080313 ] left_ee=[0.04331095 0.04331069] right_arm=[ 0.61408377  2.076802    1.5791484  -1.1353824   0.02739505 -1.0167974 ] right_ee=[0.04338663 0.04347316]
step=215 env=0 left_arm=[ 0.00379395 -0.04905657 -0.0210331   0.00763987 -0.03037297 -0.00765479] left_ee=[0.04334119 0.04333952] right_arm=[ 0.62163794  2.110626    1.608928   -1.1489428   0.023493   -1.0412077 ] right_ee=[0.0424485  0.04245636]
step=216 env=0 left_arm=[ 0.00250145 -0.0437139  -0.01938437  0.00819345 -0.0272449  -0.00773899] left_ee=[0.04344287 0.043441  ] right_arm=[ 0.6235684   2.121348    1.616921   -1.1508008   0.02759884 -1.0375407 ] right_ee=[0.04075001 0.04066319]
step=217 env=0 left_arm=[ 0.00277206 -0.04722921 -0.01756949  0.00704514 -0.02608668 -0.00749824] left_ee=[0.04361273 0.04361773] right_arm=[ 0.6346417   2.128723    1.6279917  -1.1534661   0.02975384 -1.0304911 ] right_ee=[0.03795109 0.03985425]
step=218 env=0 left_arm=[ 0.00317056 -0.04457917 -0.01162004  0.00434545 -0.02739142 -0.01090774] left_ee=[0.04368023 0.04368406] right_arm=[ 0.64084905  2.132217    1.6332821  -1.1613163   0.03773547 -1.0304737 ] right_ee=[0.03393668 0.04055071]
step=219 env=0 left_arm=[ 0.00297562 -0.03948673 -0.01266939  0.00582935 -0.02568744 -0.01167354] left_ee=[0.04381099 0.04380943] right_arm=[ 0.6389319   2.1385126   1.6434585  -1.1692756   0.03649352 -1.0400468 ] right_ee=[0.03110311 0.03935423]
step=220 env=0 left_arm=[ 0.00484438 -0.04608561 -0.00685758  0.00519999 -0.02997456 -0.00983938] left_ee=[0.04386793 0.04387315] right_arm=[ 0.6491533   2.1387813   1.6442909  -1.1811152   0.03879796 -1.0497806 ] right_ee=[0.02741662 0.03899915]
step=221 env=0 left_arm=[ 0.00545524 -0.05413495 -0.00615821  0.00148676 -0.03357782 -0.00592235] left_ee=[0.04392475 0.04392085] right_arm=[ 0.65058076  2.130724    1.6309708  -1.1682427   0.03675291 -1.0404102 ] right_ee=[0.02371301 0.03806527]
step=222 env=0 left_arm=[ 0.00411846 -0.04675849 -0.00392841  0.00196328 -0.03118487 -0.00300504] left_ee=[0.04395966 0.04395017] right_arm=[ 0.6488293   2.1338758   1.6344051  -1.1619024   0.03776281 -1.0350058 ] right_ee=[0.01971055 0.03381864]
step=223 env=0 left_arm=[ 0.0039364  -0.04138553 -0.00355816  0.00132407 -0.02937326 -0.00293683] left_ee=[0.04397403 0.04397455] right_arm=[ 0.6481505   2.1357915   1.6371969  -1.1632745   0.03678325 -1.0313799 ] right_ee=[0.01624156 0.03259199]
step=224 env=0 left_arm=[ 0.00435698 -0.03564981 -0.00088204  0.00545403 -0.02974543 -0.00524253] left_ee=[0.0439831  0.04398641] right_arm=[ 0.6565911   2.138261    1.6400931  -1.1789844   0.03846058 -1.0379107 ] right_ee=[0.01247715 0.02784212]
step=225 env=0 left_arm=[ 4.3570017e-03 -3.7894227e-02  4.0713476e-04  2.8741017e-05
 -3.1642627e-02 -2.2835366e-03] left_ee=[0.04399009 0.04399123] right_arm=[ 0.6561325   2.135747    1.6352136  -1.1764406   0.03742049 -1.0346274 ] right_ee=[0.00956634 0.02474457]
step=226 env=0 left_arm=[ 0.00461163 -0.0349298   0.00420496  0.00488553 -0.03167159 -0.00323749] left_ee=[0.04399513 0.04399374] right_arm=[ 0.6554705   2.1236315   1.6122491  -1.1784015   0.04000631 -1.0225853 ] right_ee=[0.00628888 0.01460921]
step=227 env=0 left_arm=[ 0.00353856 -0.03069064  0.00112679  0.00152492 -0.029408   -0.00164356] left_ee=[0.04399757 0.04399531] right_arm=[ 0.6516697   2.1323204   1.6245072  -1.182653    0.03846762 -1.0251929 ] right_ee=[0.00343985 0.01012999]
step=228 env=0 left_arm=[ 0.00321775 -0.02777375  0.00166449  0.00209631 -0.02839098 -0.00092844] left_ee=[0.04399664 0.04399958] right_arm=[ 0.6524779   2.1404905   1.6344435  -1.1956731   0.03994965 -1.0293308 ] right_ee=[0.0011243  0.00418484]
step=229 env=0 left_arm=[ 0.00299147 -0.02956508  0.00208787  0.00260145 -0.03039001 -0.00019226] left_ee=[0.04399675 0.04399904] right_arm=[ 0.6532155   2.1285357   1.6267918  -1.1925081   0.04247919 -1.0269896 ] right_ee=[0.         0.00015448]
step=230 env=0 left_arm=[ 0.00317223 -0.0297792  -0.00112927  0.00364051 -0.03056573  0.00234058] left_ee=[0.04399892 0.0439982 ] right_arm=[ 0.64713377  2.1283288   1.6227981  -1.1888697   0.04309503 -1.0218242 ] right_ee=[0. 0.]
step=231 env=0 left_arm=[ 0.00327308 -0.02815723  0.00102131  0.00393075 -0.03070318 -0.00077356] left_ee=[0.04399952 0.0439991 ] right_arm=[ 0.6483862   2.1232502   1.6313097  -1.2075281   0.04633554 -1.0275493 ] right_ee=[0. 0.]
step=232 env=0 left_arm=[ 2.2887199e-03 -2.7231734e-02  5.6047138e-04  5.8189067e-03
 -2.8906288e-02 -7.0015143e-05] left_ee=[0.04399795 0.04399839] right_arm=[ 0.6425684   2.127029    1.6371247  -1.2079167   0.04505087 -1.035212  ] right_ee=[0. 0.]
step=233 env=0 left_arm=[ 0.00146061 -0.02173416  0.0022653   0.00667179 -0.02742952  0.000627  ] left_ee=[0.04399769 0.04399969] right_arm=[ 0.6472941  2.1203306  1.6290365 -1.1959882  0.0421617 -1.0202366] right_ee=[0. 0.]
step=234 env=0 left_arm=[ 0.00163454 -0.02924788  0.00074832  0.00971851 -0.02888357  0.00028625] left_ee=[0.04399644 0.04399893] right_arm=[ 0.64380175  2.1138542   1.6379932  -1.210533    0.04756718 -1.0302205 ] right_ee=[0. 0.]
step=235 env=0 left_arm=[ 0.00123348 -0.02236649  0.00139695  0.00615302 -0.02770536 -0.00026072] left_ee=[0.04399884 0.0439973 ] right_arm=[ 0.6495098   2.1189897   1.6516579  -1.2267803   0.04619741 -1.0382551 ] right_ee=[0. 0.]
step=236 env=0 left_arm=[ 0.00149374 -0.02082368  0.00196662  0.00637759 -0.02640451 -0.00201656] left_ee=[0.04399837 0.04399967] right_arm=[ 0.6491273   2.1140645   1.6554853  -1.2296308   0.04492509 -1.040465  ] right_ee=[0. 0.]
step=237 env=0 left_arm=[ 0.00152021 -0.02302982 -0.00132488  0.0062878  -0.02944335  0.00097318] left_ee=[0.04399782 0.04399827] right_arm=[ 0.64829415  2.1135395   1.6622852  -1.2368954   0.05151494 -1.0493202 ] right_ee=[0. 0.]
step=238 env=0 left_arm=[ 0.0002996  -0.01761642 -0.00168663  0.01130313 -0.02537504  0.00079941] left_ee=[0.04399632 0.04399567] right_arm=[ 0.64674455  2.1159713   1.6757784  -1.2524109   0.05215833 -1.0498022 ] right_ee=[0. 0.]
step=239 env=0 left_arm=[ 0.00060922 -0.01462858 -0.00115979  0.01189771 -0.02312999  0.00025602] left_ee=[0.04399466 0.04399946] right_arm=[ 0.6400352   2.1159358   1.6820171  -1.2586424   0.05311136 -1.0494459 ] right_ee=[0. 0.]
step=240 env=0 left_arm=[ 0.001407   -0.01935091 -0.00245457  0.00875691 -0.02872118  0.00050175] left_ee=[0.04399418 0.04399598] right_arm=[ 0.64354724  2.1101522   1.682414   -1.2637109   0.05445703 -1.0527632 ] right_ee=[0. 0.]
step=241 env=0 left_arm=[ 0.00116614 -0.01891742 -0.00429867  0.01049551 -0.02681352  0.00527069] left_ee=[0.04399851 0.04399284] right_arm=[ 0.6421941   2.1082978   1.6842982  -1.263197    0.05608493 -1.0439545 ] right_ee=[0. 0.]
step=242 env=0 left_arm=[ 0.00045661 -0.01542451 -0.00294073  0.01105922 -0.02543546  0.0021547 ] left_ee=[0.04399843 0.04399765] right_arm=[ 0.6403942   2.106174    1.6934127  -1.278489    0.05318036 -1.0505686 ] right_ee=[0. 0.]
step=243 env=0 left_arm=[ 0.00157004 -0.0176401  -0.00116357  0.00912547 -0.02713501 -0.00115659] left_ee=[0.0439965  0.04399789] right_arm=[ 0.6443093   2.1031535   1.7034187  -1.2953111   0.05083164 -1.0581696 ] right_ee=[0. 0.]
step=244 env=0 left_arm=[ 0.00080596 -0.01522069 -0.00472438  0.0162558  -0.02390008 -0.0015063 ] left_ee=[0.04399727 0.04399525] right_arm=[ 0.63820136  2.1069176   1.7211381  -1.3202798   0.0556546  -1.062971  ] right_ee=[0. 0.]
step=245 env=0 left_arm=[ 0.00176243 -0.01954531 -0.00277577  0.01327843 -0.02495276 -0.00317669] left_ee=[0.04399492 0.04399842] right_arm=[ 0.64007217  2.091751    1.710887   -1.3128147   0.05298532 -1.0567912 ] right_ee=[0. 0.]
step=246 env=0 left_arm=[ 0.00125219 -0.01954733 -0.00499886  0.01485819 -0.02514079 -0.0020456 ] left_ee=[0.0439988  0.04399658] right_arm=[ 0.6346808   2.0910814   1.7292314  -1.3324214   0.05125973 -1.068442  ] right_ee=[0. 0.]
step=247 env=0 left_arm=[ 0.00238486 -0.02241628 -0.00639936  0.01499192 -0.02575698 -0.00444686] left_ee=[0.0439981  0.04399852] right_arm=[ 0.634179    2.0855196   1.7397308  -1.3454885   0.04396187 -1.0750892 ] right_ee=[0. 0.]
step=248 env=0 left_arm=[ 0.00170432 -0.02620042 -0.00378455  0.01359397 -0.02631252 -0.00411057] left_ee=[0.04399946 0.04399733] right_arm=[ 0.6347394   2.076182    1.7330232  -1.3402617   0.04176578 -1.067476  ] right_ee=[0. 0.]
step=249 env=0 left_arm=[ 0.00139512 -0.0284088  -0.00300809  0.0146918  -0.02502075 -0.00194434] left_ee=[0.04399896 0.04399868] right_arm=[ 0.6266665  2.0695333  1.72972   -1.3361177  0.0335286 -1.062138 ] right_ee=[0. 0.]
step=250 env=0 left_arm=[ 0.0026349  -0.03355017 -0.00552234  0.01351559 -0.02559152 -0.00227481] left_ee=[0.04399756 0.04399845] right_arm=[ 0.62364936  2.0547643   1.7292736  -1.3424652   0.02501842 -1.0652214 ] right_ee=[0. 0.]
step=251 env=0 left_arm=[ 0.00509186 -0.04315998 -0.00720727  0.02708918 -0.00328946  0.00069295] left_ee=[0.04398943 0.04399496] right_arm=[ 0.6905968   2.1881905   1.8219755  -1.3965605   0.11804255 -1.0118046 ] right_ee=[4.3561795e-06 0.0000000e+00]
step=252 env=0 left_arm=[ 0.00341994 -0.04198339 -0.00920167  0.02712884  0.0001832  -0.0038478 ] left_ee=[0.0439856  0.04399819] right_arm=[ 0.6953363   2.2017438   1.84879    -1.4220729   0.12028597 -0.99358714] right_ee=[0. 0.]
step=253 env=0 left_arm=[-0.00060525 -0.03897471 -0.00853429  0.02573873  0.00269315 -0.00690601] left_ee=[0.04399103 0.04399729] right_arm=[ 0.6908935  2.1936948  1.8541007 -1.4275416  0.1072306 -0.9814647] right_ee=[0. 0.]
step=254 env=0 left_arm=[-0.00073764 -0.04068483 -0.00722104  0.01996678 -0.00253512 -0.00765451] left_ee=[0.04398823 0.04399708] right_arm=[ 0.68343145  2.1770384   1.8481542  -1.4082023   0.08062433 -0.95903987] right_ee=[5.335658e-07 0.000000e+00]
step=255 env=0 left_arm=[-0.00213012 -0.04382993 -0.01020922  0.017363   -0.00503929 -0.01003773] left_ee=[0.04399606 0.04399365] right_arm=[ 0.66705877  2.1528468   1.8172458  -1.3418251   0.0264356  -0.92413175] right_ee=[2.4588194e-06 0.0000000e+00]
step=256 env=0 left_arm=[-0.00580254 -0.03602029 -0.01144805  0.02906106 -0.00741688 -0.01096065] left_ee=[0.04399775 0.0439951 ] right_arm=[ 0.648693    2.1325805   1.7832427  -1.2674882  -0.02149895 -0.88677377] right_ee=[2.4157598e-06 0.0000000e+00]
step=257 env=0 left_arm=[-0.0106305  -0.03242021 -0.01243593  0.03746628  0.00398453 -0.01355132] left_ee=[0.04398853 0.04399565] right_arm=[ 0.6281357   2.1186008   1.7590394  -1.2086359  -0.07327449 -0.8595982 ] right_ee=[1.7067434e-06 0.0000000e+00]
step=258 env=0 left_arm=[-0.00845111 -0.04011438 -0.02086406  0.03598784 -0.00167347 -0.02036981] left_ee=[0.04397954 0.04399442] right_arm=[ 0.61740613  2.0947928   1.7156167  -1.1146804  -0.13401304 -0.8076248 ] right_ee=[2.5674963e-06 0.0000000e+00]
step=259 env=0 left_arm=[-0.00909245 -0.04379019 -0.02208596  0.03878831 -0.00598062 -0.02575549] left_ee=[0.04399302 0.04398903] right_arm=[ 0.5965734   2.0561073   1.6605793  -0.98710656 -0.20526357 -0.75767606] right_ee=[3.6294355e-06 0.0000000e+00]
step=260 env=0 left_arm=[-0.0107867  -0.04822737 -0.02381034  0.0452264  -0.00616498 -0.03264986] left_ee=[0.04399818 0.04399196] right_arm=[ 0.5711548   2.0365345   1.5656163  -0.8094024  -0.31592157 -0.68802994] right_ee=[4.8462966e-06 0.0000000e+00]
step=261 env=0 left_arm=[-0.00913637 -0.05599853 -0.02873658  0.04181862 -0.01338768 -0.04079662] left_ee=[0.04399461 0.04399401] right_arm=[ 0.5471466   2.00073     1.5092492  -0.67220587 -0.39790934 -0.6437805 ] right_ee=[8.518799e-07 0.000000e+00]
step=262 env=0 left_arm=[-0.00495012 -0.06502875 -0.03635197  0.03698691 -0.02211596 -0.049438  ] left_ee=[0.044      0.04398826] right_arm=[ 0.52005374  1.9650683   1.4167752  -0.4960447  -0.49949625 -0.5786866 ] right_ee=[1.6487896e-06 0.0000000e+00]
step=263 env=0 left_arm=[-0.00466427 -0.06032082 -0.03487053  0.03702042 -0.02250891 -0.04791444] left_ee=[0.04399921 0.04398693] right_arm=[ 0.5025119   1.9284179   1.3505049  -0.35564247 -0.5810919  -0.527372  ] right_ee=[0. 0.]
step=264 env=0 left_arm=[-0.00176544 -0.07378257 -0.03629124  0.03316391 -0.02688587 -0.05352765] left_ee=[0.04399807 0.04399504] right_arm=[ 0.47760534  1.8974788   1.2666901  -0.18132243 -0.6747445  -0.45083895] right_ee=[2.7415414e-08 0.0000000e+00]
step=265 env=0 left_arm=[-0.00051382 -0.07140207 -0.03629826  0.03446982 -0.02856351 -0.04743752] left_ee=[0.04399961 0.04399416] right_arm=[ 0.4518779   1.8553889   1.1920005  -0.02025542 -0.75616807 -0.40615234] right_ee=[0.0000000e+00 2.1721191e-06]
step=266 env=0 left_arm=[-1.7645001e-05 -7.1546376e-02 -3.6312260e-02  3.5128806e-02
 -2.6771093e-02 -5.0620142e-02] left_ee=[0.04399937 0.04399541] right_arm=[ 0.43681493  1.8353506   1.143236    0.08837427 -0.81834084 -0.3647429 ] right_ee=[0. 0.]
step=267 env=0 left_arm=[ 0.00347804 -0.07766676 -0.03628838  0.02781027 -0.04384582 -0.0535289 ] left_ee=[0.04399465 0.0439869 ] right_arm=[ 0.40113062  1.7878474   1.0367602   0.27174172 -0.94220877 -0.27999058] right_ee=[0.0000000e+00 3.9773226e-07]
step=268 env=0 left_arm=[ 0.00796581 -0.0891578  -0.03619009  0.022331   -0.05691598 -0.05193659] left_ee=[0.044      0.04398835] right_arm=[ 0.3850262   1.750959    0.9656708   0.4369508  -1.0207076  -0.23129205] right_ee=[0.000000e+00 4.133312e-06]
step=269 env=0 left_arm=[ 0.00842053 -0.09058745 -0.0362007   0.02317002 -0.05646858 -0.05154321] left_ee=[0.04399879 0.04398431] right_arm=[ 0.36875135  1.7281945   0.9035406   0.5789869  -1.1011795  -0.1726162 ] right_ee=[0.0000000e+00 9.3475063e-07]
step=270 env=0 left_arm=[ 0.00917134 -0.0905605  -0.03621029  0.02085229 -0.05721669 -0.04736542] left_ee=[0.0439988  0.04399419] right_arm=[ 0.36919636  1.7185628   0.88911396  0.61604625 -1.1142433  -0.15433998] right_ee=[0. 0.]
step=271 env=0 left_arm=[ 0.00963964 -0.09635613 -0.03608069  0.0170038  -0.06503436 -0.04605808] left_ee=[0.04399909 0.04399509] right_arm=[ 0.362138    1.7024186   0.8534682   0.6747908  -1.1496454  -0.12315067] right_ee=[0. 0.]
step=272 env=0 left_arm=[ 0.00686083 -0.08998852 -0.03618712  0.02608319 -0.05473286 -0.04825681] left_ee=[0.0439906  0.04398981] right_arm=[ 0.3607306   1.7015148   0.8405902   0.7178136  -1.170104   -0.10550988] right_ee=[0. 0.]
step=273 env=0 left_arm=[ 0.00772617 -0.09528624 -0.03607113  0.02102531 -0.06108348 -0.04840542] left_ee=[0.04398431 0.0439951 ] right_arm=[ 0.35822383  1.6909517   0.8225596   0.7536283  -1.1946559  -0.08307371] right_ee=[0. 0.]
step=274 env=0 left_arm=[ 0.01013649 -0.09783423 -0.03603829  0.02539167 -0.06657579 -0.04443418] left_ee=[0.04399342 0.04399309] right_arm=[ 0.36190727  1.6750921   0.8020259   0.7997934  -1.2137575  -0.06504737] right_ee=[0. 0.]
step=275 env=0 left_arm=[ 0.00754995 -0.09839719 -0.03604089  0.02700117 -0.0690213  -0.04214976] left_ee=[0.04399869 0.04398988] right_arm=[ 0.363868    1.6658825   0.79227483  0.8148107  -1.218847   -0.04784313] right_ee=[0. 0.]
step=276 env=0 left_arm=[ 0.00812305 -0.09489455 -0.03611024  0.02981224 -0.06214296 -0.03968357] left_ee=[0.04399631 0.04399555] right_arm=[ 0.3654503   1.6615319   0.7891842   0.82469386 -1.220202   -0.04741935] right_ee=[0. 0.]
step=277 env=0 left_arm=[ 0.00873858 -0.098625   -0.03602273  0.02401407 -0.06670731 -0.04124183] left_ee=[0.04399346 0.04399661] right_arm=[ 0.3645661   1.6547693   0.7805546   0.84488565 -1.2324185  -0.0324701 ] right_ee=[0. 0.]
step=278 env=0 left_arm=[ 0.00596594 -0.08647557 -0.03620915  0.02965036 -0.05956929 -0.03624396] left_ee=[0.04399323 0.04399146] right_arm=[ 0.36804014  1.6487694   0.775219    0.86096483 -1.2363266  -0.02491803] right_ee=[0. 0.]
step=279 env=0 left_arm=[ 0.00462301 -0.07649868 -0.03629777  0.02953201 -0.05507864 -0.02979402] left_ee=[0.04399129 0.04399917] right_arm=[ 0.37106466  1.6497809   0.77656907  0.8614723  -1.2318574  -0.02812288] right_ee=[0. 0.]
step=280 env=0 left_arm=[-0.0007325  -0.05194264 -0.0365266   0.03129475 -0.02922788 -0.02266528] left_ee=[0.04398023 0.0439974 ] right_arm=[ 0.37446263  1.646961    0.7738155   0.87553257 -1.2376417  -0.01976881] right_ee=[0. 0.]
step=281 env=0 left_arm=[-0.00425662 -0.03396626 -0.03662277  0.03584241 -0.01511719 -0.01677085] left_ee=[0.04397531 0.04399839] right_arm=[ 0.37598273  1.6457231   0.77748764  0.87450224 -1.2353834  -0.01896144] right_ee=[0. 0.]
step=282 env=0 left_arm=[-0.00663669 -0.02368985 -0.03664182  0.03637122 -0.01082601 -0.01219526] left_ee=[0.04397658 0.04399615] right_arm=[ 0.37785235  1.6430023   0.7775371   0.87519574 -1.2312206  -0.02008605] right_ee=[0. 0.]
step=283 env=0 left_arm=[-0.01233041  0.00365177 -0.02420541  0.03875212  0.01000993 -0.00622026] left_ee=[0.04398246 0.04399329] right_arm=[ 0.37836957  1.6424603   0.7727887   0.8836014  -1.2357478  -0.01925144] right_ee=[0. 0.]
step=284 env=0 left_arm=[-0.02412704  0.05747096  0.00737331  0.04217005  0.04544206  0.01208067] left_ee=[0.04396986 0.044     ] right_arm=[ 0.38506475  1.6395805   0.77242047  0.8777029  -1.2294848  -0.01723891] right_ee=[0. 0.]
step=285 env=0 left_arm=[-0.0395676   0.12921599  0.05487895  0.05133901  0.10685691  0.0313499 ] left_ee=[0.04395584 0.044     ] right_arm=[ 0.38403365  1.6377484   0.7754428   0.8826686  -1.2315023  -0.0161686 ] right_ee=[0. 0.]
step=286 env=0 left_arm=[-0.05633781  0.2205347   0.10552512  0.05573329  0.16888672  0.06219913] left_ee=[0.04395767 0.044     ] right_arm=[ 0.3844157   1.6386882   0.78022105  0.8773411  -1.2242061  -0.01845933] right_ee=[0. 0.]
step=287 env=0 left_arm=[-0.08272487  0.33862737  0.17981355  0.06685132  0.26223564  0.09691934] left_ee=[0.04394601 0.044     ] right_arm=[ 0.38778868  1.6363407   0.7801489   0.8732747  -1.2183644  -0.0168123 ] right_ee=[0. 0.]
step=288 env=0 left_arm=[-0.10713495  0.44770494  0.24382201  0.07989526  0.34709552  0.12534311] left_ee=[0.04395653 0.044     ] right_arm=[ 0.3886476   1.6415589   0.77723724  0.87304133 -1.2170376  -0.01229702] right_ee=[0. 0.]
step=289 env=0 left_arm=[-0.13804103  0.5802637   0.32661432  0.08688044  0.4554269   0.159002  ] left_ee=[0.04395931 0.044     ] right_arm=[ 0.38877392  1.6369433   0.7751257   0.8731861  -1.2138077  -0.00830056] right_ee=[0. 0.]
step=290 env=0 left_arm=[-0.16977865  0.73435247  0.41614628  0.10629475  0.57263625  0.19709241] left_ee=[0.04397978 0.044     ] right_arm=[ 0.3856215   1.6412098   0.77311444  0.8723035  -1.2079879  -0.01298963] right_ee=[0. 0.]
step=291 env=0 left_arm=[-0.20016196  0.8640413   0.4974496   0.12197848  0.67418385  0.23144715] left_ee=[0.04399326 0.044     ] right_arm=[ 0.38513228  1.6418238   0.76999956  0.87064147 -1.2055373  -0.01447109] right_ee=[0. 0.]
step=292 env=0 left_arm=[-0.22516023  0.98171026  0.56997436  0.13549504  0.76933694  0.25502542] left_ee=[0.044 0.044] right_arm=[ 0.38440573  1.6355263   0.7628287   0.8768895  -1.2107319  -0.01416529] right_ee=[0. 0.]
step=293 env=0 left_arm=[-0.2471716   1.0901996   0.6319358   0.14686897  0.84663945  0.29293263] left_ee=[0.044 0.044] right_arm=[ 0.38196144  1.6343809   0.7623102   0.86705065 -1.2030662  -0.02272047] right_ee=[0. 0.]
step=294 env=0 left_arm=[-0.25672218  1.1243005   0.65421456  0.15404986  0.8726567   0.30341086] left_ee=[0.04399721 0.0439946 ] right_arm=[ 0.38118622  1.6386399   0.75891936  0.8664573  -1.2007395  -0.02165477] right_ee=[0. 0.]
step=295 env=0 left_arm=[-0.28809333  1.2728438   0.7358739   0.17149772  0.98234683  0.3421142 ] left_ee=[0.044      0.04398904] right_arm=[ 0.37857231  1.6276625   0.74799466  0.87293094 -1.2069974  -0.02354492] right_ee=[0. 0.]
step=296 env=0 left_arm=[-0.3049448   1.3325878   0.77188504  0.1806284   1.0249858   0.36270818] left_ee=[0.044      0.04398487] right_arm=[ 0.37850294  1.6355474   0.7499781   0.8704663  -1.203445   -0.02242387] right_ee=[0. 0.]
step=297 env=0 left_arm=[-0.3214276   1.3954505   0.80518603  0.19875666  1.0747752   0.3760846 ] left_ee=[0.044      0.04398885] right_arm=[ 0.37606698  1.6306999   0.74432105  0.87802976 -1.2049305  -0.02180365] right_ee=[0. 0.]
step=298 env=0 left_arm=[-0.33541808  1.4458169   0.830048    0.20229897  1.1121459   0.38298622] left_ee=[0.044      0.04399181] right_arm=[ 0.37397498  1.6298407   0.740487    0.8840685  -1.2037286  -0.0192646 ] right_ee=[0. 0.]
step=299 env=0 left_arm=[-0.3367549   1.4633967   0.84118915  0.19453001  1.1200792   0.4021121 ] left_ee=[0.04399545 0.0439901 ] right_arm=[ 0.3710586   1.6272968   0.7428414   0.87137014 -1.1982656  -0.02729268] right_ee=[0. 0.]
step=300 env=0 left_arm=[-0.34475058  1.4862279   0.84882057  0.20402132  1.1392255   0.39609417] left_ee=[0.044      0.04398684] right_arm=[ 0.37025467  1.6273092   0.73209953  0.89292586 -1.2075052  -0.01815224] right_ee=[0. 0.]
