step=1 env=0 left_arm=[-0.00147474 -0.09821974 -0.03597746 -0.00879917 -0.03278868 -0.03919039] left_ee=[0.04399909 0.04398649] right_arm=[ 0.05745858  0.01042827  0.00432073 -0.02624298  0.04197219 -0.01106013] right_ee=[0.04350263 0.04353105]
step=2 env=0 left_arm=[-0.00137436 -0.11750206 -0.03583368 -0.00994667 -0.03883159 -0.04271534] left_ee=[0.04399923 0.04398257] right_arm=[ 0.06415296  0.00378903  0.0048075  -0.02659435  0.04826543 -0.01430367] right_ee=[0.04334572 0.04329532]
step=3 env=0 left_arm=[-0.00075197 -0.11744992 -0.03593534 -0.01344068 -0.0396179  -0.03616054] left_ee=[0.044      0.04399082] right_arm=[ 0.06644386  0.01879621  0.0174156  -0.03517464  0.05414291 -0.02456217] right_ee=[0.04320023 0.04317382]
step=4 env=0 left_arm=[-0.00167143 -0.11888729 -0.03595933 -0.01198974 -0.04218281 -0.0294115 ] left_ee=[0.044      0.04399562] right_arm=[ 0.06907737  0.02985471  0.02546336 -0.03818053  0.05220969 -0.03216601] right_ee=[0.04336875 0.04336419]
step=5 env=0 left_arm=[-0.00439899 -0.11018578 -0.03595258 -0.00882094 -0.03584776 -0.02497973] left_ee=[0.04399366 0.0439954 ] right_arm=[ 0.07412634  0.06640656  0.05045908 -0.05631428  0.04909784 -0.05799093] right_ee=[0.04361771 0.04361157]
step=6 env=0 left_arm=[-0.00277391 -0.1012747  -0.03601247 -0.01142942 -0.03006493 -0.01644072] left_ee=[0.04399049 0.04399994] right_arm=[ 0.08132467  0.08062511  0.0757718  -0.07460536  0.05463543 -0.08287545] right_ee=[0.04378261 0.0437672 ]
step=7 env=0 left_arm=[-0.00300475 -0.09017593 -0.03036791 -0.00979189 -0.0200745  -0.00518419] left_ee=[0.04399401 0.04399809] right_arm=[ 0.08573835  0.13164468  0.12009448 -0.10578859  0.06307509 -0.12190177] right_ee=[0.04388566 0.04386407]
step=8 env=0 left_arm=[-0.00187172 -0.0904064  -0.03291767 -0.0153857  -0.02260158  0.00299932] left_ee=[0.04398943 0.04399768] right_arm=[ 0.09315559  0.17518726  0.15082054 -0.12869799  0.07314095 -0.15117322] right_ee=[0.04393501 0.043929  ]
step=9 env=0 left_arm=[-0.00509259 -0.08509136 -0.02499021 -0.00483961 -0.01664473 -0.00332311] left_ee=[0.04399317 0.04399275] right_arm=[ 0.09810078  0.20176199  0.17294765 -0.13705844  0.05493595 -0.17444426] right_ee=[0.04396318 0.04396688]
step=10 env=0 left_arm=[-0.00508949 -0.06531579 -0.01969108 -0.01119386 -0.01189043  0.01539709] left_ee=[0.04399058 0.044     ] right_arm=[ 0.10488839  0.2865587   0.2417191  -0.18165837  0.06929323 -0.23795912] right_ee=[0.04399818 0.04396859]
step=11 env=0 left_arm=[-0.00354168 -0.0690197  -0.01401865 -0.00468429 -0.00358473  0.02197989] left_ee=[0.0439931 0.0439993] right_arm=[ 0.11625699  0.34978387  0.3053929  -0.2269816   0.07386141 -0.30456048] right_ee=[0.044    0.043999]
step=12 env=0 left_arm=[-0.00943114 -0.056048   -0.01466601  0.00177971 -0.00502578  0.0299818 ] left_ee=[0.04399503 0.04399842] right_arm=[ 0.12922366  0.46745065  0.3796171  -0.29059106  0.06838118 -0.386663  ] right_ee=[0.044      0.04398931]
step=13 env=0 left_arm=[-0.00809907 -0.05301683 -0.013711   -0.00585702 -0.00535028  0.02839168] left_ee=[0.04399145 0.04399781] right_arm=[ 0.13248654  0.54102814  0.46705136 -0.35080993  0.08178815 -0.45956898] right_ee=[0.04397722 0.04396055]
step=14 env=0 left_arm=[-0.00487176 -0.04610351 -0.00319575 -0.00382481  0.00647407  0.02707988] left_ee=[0.04399645 0.0439963 ] right_arm=[ 0.14415358  0.63043034  0.5293185  -0.41179192  0.0816587  -0.548676  ] right_ee=[0.044      0.04399533]
step=15 env=0 left_arm=[-0.00607825 -0.04615281  0.00065098 -0.00539841  0.00690323  0.01675477] left_ee=[0.04399585 0.04399966] right_arm=[ 0.14223517  0.6825156   0.5720161  -0.4389717   0.0753558  -0.59888124] right_ee=[0.04398886 0.04398778]
step=16 env=0 left_arm=[-1.0627423e-02 -3.9532524e-02 -3.1327028e-03 -4.0371693e-03
 -8.3310566e-05  1.8058049e-02] left_ee=[0.04399733 0.04399844] right_arm=[ 0.14997089  0.76732045  0.6421401  -0.48407626  0.07409226 -0.6625702 ] right_ee=[0.04398826 0.044     ]
step=17 env=0 left_arm=[-0.00632618 -0.03814447  0.00509958 -0.01020722  0.00328909  0.02359365] left_ee=[0.04399599 0.04399763] right_arm=[ 0.14957605  0.8219231   0.6853157  -0.52221876  0.08477053 -0.7215033 ] right_ee=[0.04398672 0.044     ]
step=18 env=0 left_arm=[-0.01133065 -0.03533669  0.01433839  0.00041158  0.00567647  0.01486793] left_ee=[0.04399382 0.0439945 ] right_arm=[ 0.16500111  0.9296136   0.76789725 -0.57860124  0.07866552 -0.8083639 ] right_ee=[0.04392797 0.043952  ]
step=19 env=0 left_arm=[-0.00656607 -0.02794927  0.01737409  0.00029526  0.00577229  0.02128202] left_ee=[0.04398793 0.04399571] right_arm=[ 0.16509786  0.94847065  0.81012136 -0.597881    0.08695693 -0.84509015] right_ee=[0.04287385 0.04281342]
step=20 env=0 left_arm=[-0.00983533 -0.03489272  0.0090793   0.01392548  0.00951648  0.00558488] left_ee=[0.04399448 0.04399061] right_arm=[ 0.1710345   0.9406291   0.7934765  -0.591032    0.08108435 -0.84165365] right_ee=[0.04172013 0.04185505]
step=21 env=0 left_arm=[-0.01170236 -0.04461548 -0.00729187  0.01497569 -0.0011628  -0.00185167] left_ee=[0.04373041 0.04374121] right_arm=[ 0.16142921  0.960825    0.7758099  -0.59636986  0.0704473  -0.8562391 ] right_ee=[0.04060103 0.0407122 ]
step=22 env=0 left_arm=[-0.01507907 -0.03066999  0.00205364  0.01829243  0.00757839  0.00147222] left_ee=[0.04344012 0.04342762] right_arm=[ 0.17038861  1.0810764   0.8630949  -0.64897245  0.07398916 -0.9558461 ] right_ee=[0.03751918 0.03745954]
step=23 env=0 left_arm=[-0.015342   -0.02960892 -0.01047279  0.01314725  0.00437878  0.00699134] left_ee=[0.04300196 0.04301537] right_arm=[ 0.16752289  1.1283455   0.87903243 -0.68600476  0.08859076 -0.99722373] right_ee=[0.03561638 0.03572866]
step=24 env=0 left_arm=[-0.01334091 -0.02156506  0.00740223  0.02049016  0.00484105  0.00809306] left_ee=[0.04279625 0.04280139] right_arm=[ 0.1684231   1.1344631   0.9120995  -0.6947211   0.09412509 -1.0241296 ] right_ee=[0.03208154 0.03196509]
step=25 env=0 left_arm=[-0.01508151 -0.02548014 -0.00654935  0.02785039  0.00080814  0.00276776] left_ee=[0.04219259 0.04218979] right_arm=[ 0.15878911  1.2011725   0.9137198  -0.68570304  0.08004873 -1.0448757 ] right_ee=[0.03017078 0.03038601]
step=26 env=0 left_arm=[-0.01667245 -0.02359514 -0.00348156  0.02503156 -0.00509591  0.00562727] left_ee=[0.04185519 0.04185404] right_arm=[ 0.17082042  1.192055    0.9357387  -0.71509767  0.07671275 -1.0612577 ] right_ee=[0.02682512 0.02678782]
step=27 env=0 left_arm=[-0.01998956 -0.01428221 -0.00117299  0.03857514 -0.0004528   0.00197746] left_ee=[0.04146498 0.04145525] right_arm=[ 0.15814868  1.2369872   0.97097164 -0.7318669   0.08262505 -1.0965158 ] right_ee=[0.0240589  0.02403803]
step=28 env=0 left_arm=[-0.01820251 -0.01452012 -0.01203152  0.03125224 -0.00595658  0.00643873] left_ee=[0.04119941 0.04121231] right_arm=[ 0.16271415  1.2845749   0.9920646  -0.7400721   0.09236915 -1.1054301 ] right_ee=[0.02216223 0.02225846]
step=29 env=0 left_arm=[-0.02117046 -0.01425579 -0.008098    0.03612565 -0.00739671 -0.00844364] left_ee=[0.04076743 0.04076248] right_arm=[ 0.17860137  1.3151243   1.0276146  -0.7721802   0.09826425 -1.1405449 ] right_ee=[0.01976817 0.01979046]
step=30 env=0 left_arm=[-0.020223   -0.00758162 -0.00909006  0.03448838 -0.0083634   0.00051077] left_ee=[0.04063694 0.04064165] right_arm=[ 0.16940564  1.324291    1.0354246  -0.78942245  0.09861913 -1.1560853 ] right_ee=[0.01841024 0.01844484]
step=31 env=0 left_arm=[-0.02046512 -0.01519729 -0.00639279  0.03964702 -0.00484074 -0.01029718] left_ee=[0.04054864 0.04054699] right_arm=[ 0.16776904  1.3074397   1.0303437  -0.7878067   0.09766312 -1.1561464 ] right_ee=[0.01723004 0.01722265]
step=32 env=0 left_arm=[-0.0204641  -0.01662618 -0.00740026  0.03922877 -0.01252941  0.00075195] left_ee=[0.04059544 0.04060354] right_arm=[ 0.16853681  1.3349327   1.0418648  -0.7686023   0.08200036 -1.1591023 ] right_ee=[0.01603157 0.01603307]
step=33 env=0 left_arm=[-0.02379381  0.00020704 -0.00483265  0.02983553 -0.01106237  0.00132434] left_ee=[0.04052684 0.0405168 ] right_arm=[ 0.17269969  1.3277014   1.0165019  -0.7519648   0.075216   -1.1386024 ] right_ee=[0.01499054 0.01509667]
step=34 env=0 left_arm=[-0.02472623 -0.01974963 -0.00636149  0.0452528  -0.00746831 -0.00662355] left_ee=[0.04040451 0.04040826] right_arm=[ 0.17906465  1.3696022   1.0670266  -0.8017566   0.10111213 -1.1735195 ] right_ee=[0.01341119 0.0133346 ]
step=35 env=0 left_arm=[-0.02687703 -0.01079344 -0.00572437  0.04192404 -0.00419284 -0.00923797] left_ee=[0.04045491 0.04045847] right_arm=[ 0.17359139  1.4095106   1.1048523  -0.8472828   0.10732637 -1.2200867 ] right_ee=[0.01184471 0.01185711]
step=36 env=0 left_arm=[-0.02212093 -0.01472643 -0.00825222  0.04540695 -0.00544214 -0.01124793] left_ee=[0.04028949 0.04030466] right_arm=[ 0.17717701  1.3687757   1.0761285  -0.8054371   0.09708261 -1.1751106 ] right_ee=[0.01113541 0.01112808]
step=37 env=0 left_arm=[-0.01813984 -0.01492927 -0.01480498  0.03035938 -0.01352239 -0.00302195] left_ee=[0.04026547 0.04027115] right_arm=[ 0.18047391  1.3967721   1.0979432  -0.8165919   0.09693741 -1.2133067 ] right_ee=[0.01077408 0.01078381]
step=38 env=0 left_arm=[-0.02465991 -0.01856345 -0.00438554  0.04124776 -0.00403986 -0.0019029 ] left_ee=[0.04051637 0.04048964] right_arm=[ 0.18300846  1.4046366   1.118217   -0.8379128   0.10791244 -1.2197403 ] right_ee=[0.00951225 0.00950189]
step=39 env=0 left_arm=[-0.02650137 -0.00390539 -0.00069104  0.03566689  0.00025716  0.00309052] left_ee=[0.04047196 0.04048144] right_arm=[ 0.18237971  1.4249421   1.1432408  -0.85844564  0.12146229 -1.217028  ] right_ee=[0.00820046 0.00819962]
step=40 env=0 left_arm=[-0.02473473 -0.00729519 -0.01128139  0.02242211 -0.00467175  0.00676484] left_ee=[0.04012932 0.04014628] right_arm=[ 0.18690073  1.4368653   1.1391596  -0.86120486  0.13834867 -1.2247243 ] right_ee=[0.00651721 0.00660085]
step=41 env=0 left_arm=[-0.0261017  -0.00722742 -0.01010193  0.02391237 -0.00488595  0.02137775] left_ee=[0.04023463 0.04023062] right_arm=[ 0.19377847  1.4563451   1.1406776  -0.8562108   0.1432876  -1.2119012 ] right_ee=[0.00607241 0.0061054 ]
step=42 env=0 left_arm=[-0.0290543  -0.00368078 -0.00838241  0.02454763 -0.00597658  0.0054206 ] left_ee=[0.04033286 0.04033076] right_arm=[ 0.19206433  1.4346486   1.1315886  -0.8341514   0.11927217 -1.1862806 ] right_ee=[0.0051569  0.00510873]
step=43 env=0 left_arm=[-0.02454266 -0.00243774 -0.01137067  0.02249228 -0.00217797  0.01068132] left_ee=[0.04012971 0.04013686] right_arm=[ 0.19242845  1.4320977   1.1466993  -0.86175954  0.12710449 -1.2127626 ] right_ee=[0.00467005 0.00465279]
step=44 env=0 left_arm=[-0.02700628  0.00802687 -0.0050593   0.02475176  0.00446266  0.01928264] left_ee=[0.04011488 0.04010743] right_arm=[ 0.19357345  1.4233793   1.1448257  -0.8752035   0.1390409  -1.2049623 ] right_ee=[0.0050182  0.00502886]
step=45 env=0 left_arm=[-0.02399052  0.01118407 -0.00384276  0.01836317 -0.00616702  0.01916591] left_ee=[0.04009848 0.04011592] right_arm=[ 0.18310468  1.4099973   1.1272835  -0.8260816   0.12264495 -1.1838621 ] right_ee=[0.00484154 0.00478728]
step=46 env=0 left_arm=[-0.02484354  0.01854244  0.00237237  0.01114512  0.00247181  0.03020549] left_ee=[0.03994077 0.03992535] right_arm=[ 0.19680868  1.4457178   1.1529495  -0.8467469   0.14222053 -1.2010726 ] right_ee=[0.0038094  0.00385753]
step=47 env=0 left_arm=[-0.02614165  0.03025614 -0.00393561  0.01507843  0.0062554   0.02824143] left_ee=[0.03978614 0.03978613] right_arm=[ 0.1988806   1.4444085   1.1868417  -0.901988    0.14830811 -1.2311273 ] right_ee=[0.00293056 0.00289064]
step=48 env=0 left_arm=[-0.02769293  0.0351994   0.00818003  0.01042623  0.00665104  0.03738327] left_ee=[0.03961423 0.0396215 ] right_arm=[ 0.19730538  1.3802577   1.1125499  -0.79885465  0.14697725 -1.1464082 ] right_ee=[0.00260045 0.00261032]
step=49 env=0 left_arm=[-0.02623265  0.05325176  0.00318455  0.0211737   0.00346024  0.04169405] left_ee=[0.039277   0.03928358] right_arm=[ 0.18667468  1.3448424   1.0779752  -0.740962    0.1259272  -1.0958387 ] right_ee=[0.00300391 0.00295739]
step=50 env=0 left_arm=[-0.02786693  0.05514786  0.00268904  0.01406625 -0.0029554   0.05612295] left_ee=[0.03905917 0.03905779] right_arm=[ 0.17856684  1.2728515   1.0011724  -0.68604064  0.11363211 -1.0228137 ] right_ee=[0.00324269 0.00331563]
step=51 env=0 left_arm=[-0.00686483 -0.04910636 -0.016272    0.02403049 -0.00802866  0.00019614] left_ee=[0.04102927 0.04108778] right_arm=[ 0.29344338  1.1937224   0.96023864 -0.7948598   0.14949384 -0.8293612 ] right_ee=[0.01096956 0.0111496 ]
step=52 env=0 left_arm=[-0.0031979  -0.06531789 -0.01239852  0.02279932 -0.00863811 -0.00946584] left_ee=[0.04226343 0.04224645] right_arm=[ 0.31168032  1.207987    0.98296416 -0.8264288   0.15258881 -0.70057   ] right_ee=[0.01863282 0.01830192]
step=53 env=0 left_arm=[-0.00452978 -0.07149795 -0.00815665  0.02412248 -0.00473594 -0.01136132] left_ee=[0.04297819 0.04296088] right_arm=[ 0.3174278   1.2523454   1.0198629  -0.8594822   0.15627566 -0.7032716 ] right_ee=[0.02365266 0.02349562]
step=54 env=0 left_arm=[-0.00607676 -0.08092084  0.00574538  0.01844348 -0.00593761 -0.02008473] left_ee=[0.04339261 0.04339224] right_arm=[ 0.32461485  1.3168055   1.073344   -0.90017617  0.15706195 -0.7283309 ] right_ee=[0.02684336 0.02678989]
step=55 env=0 left_arm=[-0.00815093 -0.08508572  0.01052606  0.02045968 -0.00749124 -0.02750921] left_ee=[0.04364017 0.04364142] right_arm=[ 0.32906407  1.3558223   1.0920483  -0.90732545  0.14523281 -0.7466377 ] right_ee=[0.02866009 0.02869106]
step=56 env=0 left_arm=[-0.00968159 -0.08474005  0.01729421  0.02143814 -0.00717539 -0.02659634] left_ee=[0.04378696 0.04378775] right_arm=[ 0.33275914  1.4241731   1.1529537  -0.9460367   0.14697649 -0.7919026 ] right_ee=[0.02953793 0.02951526]
step=57 env=0 left_arm=[-0.01128777 -0.08953583  0.02404076  0.03014379 -0.00308858 -0.01879336] left_ee=[0.04387541 0.04387362] right_arm=[ 0.327495    1.433097    1.1515671  -0.9305014   0.13924393 -0.79033995] right_ee=[0.02996435 0.03000127]
step=58 env=0 left_arm=[-0.00916794 -0.09270714  0.0235386   0.02739553 -0.00929797 -0.02113715] left_ee=[0.04391957 0.0439329 ] right_arm=[ 0.3361173   1.4855477   1.1906252  -0.9552477   0.13797002 -0.8236995 ] right_ee=[0.02963475 0.0296861 ]
step=59 env=0 left_arm=[-0.01422678 -0.09582089  0.0321122   0.03438269 -0.01392811 -0.0265958 ] left_ee=[0.04396    0.04395078] right_arm=[ 0.3401134   1.5402933   1.2420764  -1.0073526   0.11440951 -0.8640878 ] right_ee=[0.02907995 0.02911949]
step=60 env=0 left_arm=[-0.01173192 -0.09739145  0.02461224  0.04234885 -0.01662896 -0.01310219] left_ee=[0.04397164 0.04397872] right_arm=[ 0.32450408  1.5563594   1.2300668  -0.98306286  0.11172161 -0.880121  ] right_ee=[0.02769667 0.0277154 ]
step=61 env=0 left_arm=[-0.01287702 -0.10303088  0.02277364  0.04861315 -0.01646239 -0.01914515] left_ee=[0.04398802 0.04398211] right_arm=[ 0.31814697  1.5801562   1.2525837  -0.98338425  0.08308132 -0.91671234] right_ee=[0.02688159 0.02688461]
step=62 env=0 left_arm=[-0.00982365 -0.1084646   0.01318096  0.05511068 -0.01846954 -0.01663414] left_ee=[0.04398927 0.04399427] right_arm=[ 0.3103385   1.6060492   1.2500368  -0.9577986   0.06061624 -0.9211185 ] right_ee=[0.02586542 0.02592701]
step=63 env=0 left_arm=[-0.0116953  -0.10121973  0.01049066  0.05807745 -0.01648702 -0.01627661] left_ee=[0.04399678 0.04399038] right_arm=[ 0.2863087   1.5970817   1.254308   -0.9689324   0.05949688 -0.9441312 ] right_ee=[0.02468402 0.02465495]
step=64 env=0 left_arm=[-0.01088328 -0.11110467  0.00775082  0.06010301 -0.02349884 -0.02672535] left_ee=[0.04399361 0.04399524] right_arm=[ 0.28990233  1.6222787   1.259486   -0.9621988   0.03294367 -0.96931094] right_ee=[0.0228792 0.0229741]
step=65 env=0 left_arm=[-0.00900622 -0.10981496  0.00797672  0.05567312 -0.02914388 -0.02396067] left_ee=[0.04399861 0.04399501] right_arm=[ 0.27947614  1.6095805   1.2503604  -0.9368843   0.01689329 -0.966586  ] right_ee=[0.02158365 0.02155775]
step=66 env=0 left_arm=[-0.0117496  -0.09855644  0.00544887  0.05495979 -0.02849956 -0.02682459] left_ee=[0.04399718 0.04399166] right_arm=[ 0.2647709   1.6273102   1.2545952  -0.9189549  -0.00349328 -0.9692582 ] right_ee=[0.01980364 0.01980702]
step=67 env=0 left_arm=[-0.00791646 -0.10138057 -0.00022389  0.05432771 -0.04129245 -0.02146163] left_ee=[0.04399153 0.0439892 ] right_arm=[ 0.24431568  1.593963    1.2162     -0.8645978  -0.0292815  -0.9567352 ] right_ee=[0.01833988 0.01834568]
step=68 env=0 left_arm=[-0.00960006 -0.09529383  0.00277203  0.0573595  -0.0541034  -0.02023805] left_ee=[0.04399978 0.04398585] right_arm=[ 0.22816569  1.5993396   1.1787806  -0.8044958  -0.07973295 -0.9468054 ] right_ee=[0.01564484 0.01572914]
step=69 env=0 left_arm=[-0.00856547 -0.09663843  0.00193594  0.05768674 -0.0578602  -0.01743037] left_ee=[0.044      0.04399056] right_arm=[ 0.21149062  1.5808891   1.1548009  -0.7587713  -0.1088151  -0.9360965 ] right_ee=[0.01318509 0.01314633]
step=70 env=0 left_arm=[-0.00954399 -0.09761376  0.00611112  0.05816194 -0.06625162 -0.02146546] left_ee=[0.044      0.04399528] right_arm=[ 0.21616232  1.5676934   1.1499382  -0.7504972  -0.10861032 -0.93383527] right_ee=[0.01176073 0.01178263]
step=71 env=0 left_arm=[-0.00800574 -0.09309684 -0.00323198  0.05129615 -0.07412576 -0.02152929] left_ee=[0.04399992 0.04399385] right_arm=[ 0.20548575  1.5554525   1.0962915  -0.6798782  -0.14649285 -0.9006011 ] right_ee=[0.01025338 0.01032734]
step=72 env=0 left_arm=[-0.00959169 -0.08506062 -0.00142163  0.05339288 -0.07449041 -0.01642918] left_ee=[0.04399845 0.0439906 ] right_arm=[ 0.19443871  1.5630252   1.1208371  -0.7003571  -0.14522478 -0.92666674] right_ee=[0.00842814 0.008329  ]
step=73 env=0 left_arm=[-0.00905139 -0.0782491  -0.00508307  0.04118421 -0.07853083 -0.01573108] left_ee=[0.04391194 0.04391526] right_arm=[ 0.17877981  1.5720879   1.1138209  -0.6684502  -0.17056715 -0.9344921 ] right_ee=[0.00629828 0.00630975]
step=74 env=0 left_arm=[-0.00768909 -0.08129444 -0.00079769  0.04107412 -0.08037987 -0.01274981] left_ee=[0.04394873 0.04394603] right_arm=[ 0.1799649   1.5441471   1.0969399  -0.6366184  -0.18241017 -0.9153369 ] right_ee=[0.00497052 0.00498372]
step=75 env=0 left_arm=[-0.00901855 -0.08368193 -0.00437895  0.0387982  -0.0882997  -0.01851934] left_ee=[0.04397116 0.04396782] right_arm=[ 0.17650639  1.533465    1.0575894  -0.5499947  -0.22484446 -0.8766619 ] right_ee=[0.00373552 0.0037759 ]
step=76 env=0 left_arm=[-0.00810753 -0.08408141 -0.00631244  0.03830524 -0.08698389 -0.01059581] left_ee=[0.04398632 0.04397872] right_arm=[ 0.17854662  1.530491    1.0649492  -0.55898106 -0.2300733  -0.8782266 ] right_ee=[0.00258652 0.00257901]
step=77 env=0 left_arm=[-0.00902152 -0.08136567 -0.00558469  0.04378707 -0.0879376  -0.010551  ] left_ee=[0.04397715 0.04397335] right_arm=[ 0.16500427  1.5418657   1.0776484  -0.5810968  -0.22108486 -0.89732707] right_ee=[0.00199592 0.00196828]
step=78 env=0 left_arm=[-0.00947114 -0.07276672 -0.00728522  0.03544895 -0.08764246 -0.01097476] left_ee=[0.043964   0.04396289] right_arm=[ 0.17004724  1.5390503   1.0466284  -0.49981564 -0.26004618 -0.8400587 ] right_ee=[0.00158752 0.00163454]
step=79 env=0 left_arm=[-0.01100131 -0.07813015 -0.0082309   0.03564904 -0.08719267 -0.01023946] left_ee=[0.04384489 0.04384405] right_arm=[ 0.17018609  1.5336354   1.0531474  -0.5016729  -0.25761905 -0.86788106] right_ee=[0.00088892 0.00085548]
step=80 env=0 left_arm=[-0.00865618 -0.06772632 -0.00851585  0.02667276 -0.08958934 -0.00958247] left_ee=[0.0437423  0.04374928] right_arm=[ 0.16388996  1.5220715   1.0494856  -0.5223416  -0.26002723 -0.86468107] right_ee=[0.00089709 0.00091521]
step=81 env=0 left_arm=[-0.01031298 -0.07506397 -0.00921164  0.03384475 -0.08375719 -0.00738825] left_ee=[0.04379071 0.04378205] right_arm=[ 0.15997943  1.5121043   1.034492   -0.47044703 -0.28280962 -0.8534699 ] right_ee=[0.00065564 0.00061506]
step=82 env=0 left_arm=[-0.01235444 -0.06915168 -0.01060797  0.04018199 -0.08827376 -0.00429325] left_ee=[0.04387056 0.04387649] right_arm=[ 0.17264742  1.5115507   1.0125048  -0.41998363 -0.30081135 -0.8123354 ] right_ee=[0.00067148 0.00075331]
step=83 env=0 left_arm=[-0.01264373 -0.06466292 -0.00353755  0.02985723 -0.08675104  0.00755829] left_ee=[0.04378565 0.0437865 ] right_arm=[ 0.16307451  1.5020393   1.0166177  -0.44003534 -0.29103807 -0.81878257] right_ee=[0.00050448 0.00044144]
step=84 env=0 left_arm=[-0.0117386  -0.07649533 -0.01744339  0.0384964  -0.09695498 -0.00834704] left_ee=[0.04378136 0.04378948] right_arm=[ 0.17440332  1.4939371   0.97991896 -0.38935652 -0.3162888  -0.78856677] right_ee=[0.00047737 0.00058634]
step=85 env=0 left_arm=[-0.01373263 -0.07719725 -0.00933847  0.0359702  -0.09288709 -0.00343371] left_ee=[0.04387838 0.04386401] right_arm=[ 0.17097883  1.5035537   1.0040252  -0.41127738 -0.31092077 -0.7957772 ] right_ee=[0.00027776 0.00017133]
step=86 env=0 left_arm=[-0.01184085 -0.07661413 -0.01198389  0.04037757 -0.08995052  0.00196092] left_ee=[0.04379593 0.04379891] right_arm=[ 0.16990288  1.4647609   0.982796   -0.3686939  -0.32178983 -0.7752581 ] right_ee=[0.00030242 0.0002661 ]
step=87 env=0 left_arm=[-0.01255116 -0.06644587 -0.01605109  0.03969263 -0.08884379  0.00586648] left_ee=[0.04373137 0.04373085] right_arm=[ 0.17144886  1.4770353   0.9833368  -0.3692444  -0.32345998 -0.7843038 ] right_ee=[0.00027336 0.00033335]
step=88 env=0 left_arm=[-0.0131791  -0.07909691 -0.01140803  0.04434303 -0.09387043  0.00772799] left_ee=[0.0438354 0.0438422] right_arm=[ 0.1824055   1.4987038   0.9871316  -0.37548923 -0.31057617 -0.76184744] right_ee=[0.00040638 0.00047251]
step=89 env=0 left_arm=[-0.01252535 -0.07204455 -0.00665803  0.04069769 -0.08603579  0.0156543 ] left_ee=[0.0439075  0.04390153] right_arm=[ 0.17624155  1.4695321   0.9657195  -0.3263941  -0.33963987 -0.74445266] right_ee=[0.0005699  0.00050222]
step=90 env=0 left_arm=[-0.01547207 -0.06396402 -0.00342579  0.0312084  -0.08731145  0.01849685] left_ee=[0.04379102 0.04379357] right_arm=[ 0.17634816  1.4684169   0.95451874 -0.32324123 -0.32900235 -0.7434163 ] right_ee=[0.000000e+00 9.586786e-06]
step=91 env=0 left_arm=[-0.01541728 -0.06437639 -0.00238899  0.03909406 -0.08424609  0.0225032 ] left_ee=[0.04387219 0.04387702] right_arm=[ 0.18097085  1.453328    0.937236   -0.2802788  -0.34129164 -0.70502454] right_ee=[0.00031125 0.00028044]
step=92 env=0 left_arm=[-0.01816106 -0.05337592 -0.00156306  0.03808594 -0.07992443  0.02036094] left_ee=[0.0438674 0.0438659] right_arm=[ 0.18021335  1.4510201   0.9371031  -0.28156608 -0.34811917 -0.6976454 ] right_ee=[0.00022054 0.00020628]
step=93 env=0 left_arm=[-0.01546244 -0.04632797  0.00327514  0.03259435 -0.07337891  0.03426098] left_ee=[0.04373326 0.04374395] right_arm=[ 0.17296119  1.42243     0.9345583  -0.28669205 -0.33614948 -0.716189  ] right_ee=[0.00039869 0.0003268 ]
step=94 env=0 left_arm=[-0.01640254 -0.04259542  0.00347864  0.02997963 -0.07206833  0.03476842] left_ee=[0.04383956 0.04384385] right_arm=[ 0.17742684  1.4113854   0.90478414 -0.24280591 -0.35533342 -0.6974871 ] right_ee=[0.00056804 0.00065156]
step=95 env=0 left_arm=[-0.01649485 -0.03893391  0.00226647  0.02725553 -0.0764963   0.0381984 ] left_ee=[0.04382573 0.04383256] right_arm=[ 0.17473052  1.41049     0.9034233  -0.22255161 -0.3728556  -0.68435055] right_ee=[0.00060735 0.00056158]
step=96 env=0 left_arm=[-0.01986846 -0.02553445  0.02143245  0.03389072 -0.0608835   0.04879704] left_ee=[0.04390331 0.04389469] right_arm=[ 0.17920378  1.3916345   0.887997   -0.17964609 -0.37141955 -0.6513492 ] right_ee=[0.00067666 0.00065729]
step=97 env=0 left_arm=[-0.02161591 -0.02344023  0.0290354   0.03526358 -0.06207852  0.06004754] left_ee=[0.04393318 0.04394985] right_arm=[ 0.17809981  1.3624011   0.8760461  -0.19699731 -0.36173755 -0.65205276] right_ee=[0.00104519 0.0010533 ]
step=98 env=0 left_arm=[-0.02478293  0.00287969  0.03580863  0.02462531 -0.04986853  0.06812406] left_ee=[0.04382349 0.0438183 ] right_arm=[ 0.17385115  1.3357996   0.8587535  -0.20278735 -0.33219773 -0.6406453 ] right_ee=[0.0013114  0.00129159]
step=99 env=0 left_arm=[-0.02087871  0.00391978  0.02771349  0.03030428 -0.05351898  0.07708073] left_ee=[0.04366896 0.04369365] right_arm=[ 0.17047997  1.310783    0.8488617  -0.18160684 -0.31893054 -0.6317299 ] right_ee=[0.00232163 0.00227592]
step=100 env=0 left_arm=[-0.02164881  0.02320726  0.03709659  0.03086144 -0.04520874  0.09311497] left_ee=[0.04373066 0.04372823] right_arm=[ 0.17414196  1.2503893   0.7799537  -0.0957056  -0.34943563 -0.56591773] right_ee=[0.00326198 0.00333667]
step=101 env=0 left_arm=[-0.01521151 -0.00082616 -0.00793474 -0.03979703 -0.03221928  0.08934096] left_ee=[0.04385259 0.04382761] right_arm=[ 0.30375907  1.0839771   0.8102681  -0.29167643 -0.15762536 -0.71612006] right_ee=[0.01153852 0.01155351]
step=102 env=0 left_arm=[-0.01335688 -0.01074278 -0.01318837 -0.04385545 -0.03281212  0.08538918] left_ee=[0.04389428 0.04392121] right_arm=[ 0.3155975   1.0741619   0.8377677  -0.48536804  0.01577604 -0.7697827 ] right_ee=[0.01938354 0.01930265]
step=103 env=0 left_arm=[-0.01425758 -0.01005786 -0.00740574 -0.03836913 -0.03226301  0.0864    ] left_ee=[0.0439373  0.04394815] right_arm=[ 0.31642482  1.1252363   0.8930052  -0.675179    0.03968277 -0.8261364 ] right_ee=[0.02589671 0.02596209]
step=104 env=0 left_arm=[-0.016699   -0.01002951  0.00364714 -0.04360599 -0.03237982  0.07262631] left_ee=[0.04396284 0.0439689 ] right_arm=[ 0.3083961   1.1810193   0.93546915 -0.7908045   0.03419408 -0.87054247] right_ee=[0.03025525 0.03014714]
step=105 env=0 left_arm=[-0.01799041 -0.01778115  0.01424619 -0.03819356 -0.02867038  0.05827703] left_ee=[0.04397527 0.04398476] right_arm=[ 0.29760462  1.2427878   0.9704262  -0.82321024  0.02538498 -0.930625  ] right_ee=[0.03277526 0.03264986]
step=106 env=0 left_arm=[-0.01775182 -0.01726552  0.01729784 -0.03493279 -0.02512986  0.06040892] left_ee=[0.04398463 0.04398961] right_arm=[ 0.28870645  1.3142363   1.0316854  -0.86696434  0.01933811 -1.017245  ] right_ee=[0.03396152 0.03387684]
step=107 env=0 left_arm=[-0.01738828 -0.01796067  0.02830037 -0.02898235 -0.01930382  0.05571652] left_ee=[0.04398834 0.04399586] right_arm=[ 0.2777667   1.3483161   1.0588751  -0.88008857  0.01684265 -1.0534183 ] right_ee=[0.03505147 0.0350626 ]
step=108 env=0 left_arm=[-0.01146223 -0.01715906  0.01979593 -0.03302483 -0.02587061  0.05614723] left_ee=[0.04398975 0.0439917 ] right_arm=[ 0.27914712  1.4010255   1.0975069  -0.9036261   0.01328897 -1.1315732 ] right_ee=[0.03491547 0.03496456]
step=109 env=0 left_arm=[-0.01557151 -0.02204115  0.02066572 -0.01557317 -0.02389369  0.03281345] left_ee=[0.04399522 0.04399065] right_arm=[ 2.7010584e-01  1.4537315e+00  1.1359000e+00 -9.3518364e-01
  8.9133595e-04 -1.1868259e+00] right_ee=[0.03459375 0.0346415 ]
step=110 env=0 left_arm=[-0.01115776 -0.01033768  0.01407342 -0.01823651 -0.02950294  0.04868492] left_ee=[0.04399022 0.04399427] right_arm=[ 0.26117355  1.5053583   1.162529   -0.9457106  -0.00213137 -1.263009  ] right_ee=[0.03347205 0.03352693]
step=111 env=0 left_arm=[-0.00806208 -0.02372731  0.01246422 -0.01085707 -0.02338295  0.02915872] left_ee=[0.04399641 0.04399498] right_arm=[ 0.2413968   1.5233169   1.2092037  -0.9775948  -0.01528231 -1.3138249 ] right_ee=[0.0329436  0.03290521]
step=112 env=0 left_arm=[-0.0070278  -0.0269141   0.001445    0.00273155 -0.02313616  0.02765882] left_ee=[0.04399781 0.04399706] right_arm=[ 0.22535227  1.5719603   1.2237114  -0.97240597 -0.03100221 -1.3639934 ] right_ee=[0.03205841 0.03217018]
step=113 env=0 left_arm=[-0.00743323 -0.0264781  -0.00218672  0.01191303 -0.02236922  0.01989436] left_ee=[0.04399908 0.04399793] right_arm=[ 0.20644854  1.5827622   1.2618597  -1.0149728  -0.02382025 -1.4072384 ] right_ee=[0.03080205 0.03080828]
step=114 env=0 left_arm=[-0.00688941 -0.02898764 -0.00148301  0.01120533 -0.02051134  0.01235416] left_ee=[0.04399869 0.044     ] right_arm=[ 0.19757831  1.599915    1.2769103  -1.0249594  -0.03984109 -1.459079  ] right_ee=[0.02894707 0.02899661]
step=115 env=0 left_arm=[-0.00539962 -0.03194773  0.00106991  0.01222187 -0.02329842  0.0122547 ] left_ee=[0.04399703 0.04399688] right_arm=[ 0.18472557  1.5970405   1.2738369  -1.0277421  -0.04300925 -1.461259  ] right_ee=[0.027689 0.027734]
step=116 env=0 left_arm=[-0.00847982 -0.03394294 -0.00359508  0.01860173 -0.0255579  -0.00034372] left_ee=[0.04399825 0.04399458] right_arm=[ 0.16651587  1.6250166   1.2959461  -1.0368714  -0.05851622 -1.4820104 ] right_ee=[0.02533264 0.02531741]
step=117 env=0 left_arm=[-0.00641307 -0.0308864  -0.00592736  0.01407432 -0.02893238  0.00849892] left_ee=[0.0439953 0.0439964] right_arm=[ 0.14100859  1.6120481   1.2876753  -1.0414288  -0.06185518 -1.5152087 ] right_ee=[0.02325777 0.02330573]
step=118 env=0 left_arm=[-0.00585297 -0.04104529  0.00772169  0.02496138 -0.03601336  0.0066184 ] left_ee=[0.04399801 0.04399508] right_arm=[ 0.11534126  1.6237136   1.2816266  -1.0362595  -0.08277299 -1.538188  ] right_ee=[0.01954892 0.01957313]
step=119 env=0 left_arm=[-0.00632156 -0.0476823   0.00350236  0.03371883 -0.0382121   0.00635482] left_ee=[0.04399975 0.04399286] right_arm=[ 0.09960183  1.6102594   1.2805401  -1.0401967  -0.08948125 -1.5426723 ] right_ee=[0.01579623 0.01578262]
step=120 env=0 left_arm=[-0.00592105 -0.04825966  0.00686697  0.02881237 -0.04499013  0.00907992] left_ee=[0.04397667 0.04397625] right_arm=[ 0.11257009  1.5871139   1.2670059  -1.0097073  -0.09313031 -1.5232579 ] right_ee=[0.01390203 0.01387676]
step=121 env=0 left_arm=[-0.00515728 -0.05333583  0.0083176   0.01984652 -0.05357684  0.00565736] left_ee=[0.04388274 0.04387904] right_arm=[ 0.0993684   1.5981529   1.2324541  -0.9678809  -0.12138622 -1.5037282 ] right_ee=[0.01146876 0.0115671 ]
step=122 env=0 left_arm=[-0.00567451 -0.05055645  0.01399775  0.02741098 -0.05079416  0.00919868] left_ee=[0.04380195 0.04378759] right_arm=[ 0.0811158   1.5840989   1.2503124  -0.99673074 -0.11908662 -1.5228748 ] right_ee=[0.00858683 0.00853252]
step=123 env=0 left_arm=[-0.0052685  -0.04482704  0.01192084  0.01836835 -0.05311538  0.00246531] left_ee=[0.0434985  0.04349681] right_arm=[ 0.06477928  1.5876441   1.2397162  -0.9762478  -0.13811871 -1.5229316 ] right_ee=[0.00639619 0.00641171]
step=124 env=0 left_arm=[-0.00691512 -0.04749017  0.01438976  0.01745789 -0.05371178  0.00770479] left_ee=[0.04340799 0.04340277] right_arm=[ 0.06398504  1.5709805   1.2663599  -1.0041174  -0.13019578 -1.5432297 ] right_ee=[0.00363341 0.00357353]
step=125 env=0 left_arm=[-0.00469575 -0.05534381  0.01275414  0.01546298 -0.06443951  0.00391052] left_ee=[0.04321541 0.04322332] right_arm=[ 0.05829258  1.56237     1.2191738  -0.93697715 -0.1512332  -1.5027621 ] right_ee=[0.00221803 0.00230737]
step=126 env=0 left_arm=[-0.00119502 -0.05678934  0.01118114  0.02127451 -0.06611027  0.00427672] left_ee=[0.04311847 0.04310969] right_arm=[ 0.05231424  1.5543318   1.225154   -0.93031687 -0.16272373 -1.4768574 ] right_ee=[0.00042251 0.00037417]
step=127 env=0 left_arm=[-0.00198707 -0.06062305  0.01130488  0.02007875 -0.06614655  0.00681519] left_ee=[0.04305739 0.04304466] right_arm=[ 0.04599323  1.5534979   1.2163574  -0.9202465  -0.16342512 -1.4748067 ] right_ee=[0. 0.]
step=128 env=0 left_arm=[-0.00167558 -0.05402978  0.00819279  0.01565061 -0.06464189  0.0056602 ] left_ee=[0.0429932  0.04298839] right_arm=[ 0.04526593  1.5580068   1.2224967  -0.9055224  -0.17708482 -1.4680529 ] right_ee=[0. 0.]
step=129 env=0 left_arm=[-0.00176015 -0.05675732  0.01403171  0.01419348 -0.06752329  0.00493783] left_ee=[0.04271202 0.04271405] right_arm=[ 0.04462053  1.5473502   1.2197245  -0.89875567 -0.17599604 -1.4596004 ] right_ee=[0. 0.]
step=130 env=0 left_arm=[-0.00048067 -0.05533884  0.01076218  0.00794996 -0.06647476  0.00835937] left_ee=[0.04261566 0.04261354] right_arm=[ 0.04086464  1.5466295   1.2248223  -0.91576433 -0.18017124 -1.4751533 ] right_ee=[0. 0.]
step=131 env=0 left_arm=[-0.00145947 -0.06166299  0.00665901  0.01390718 -0.06703459  0.00512761] left_ee=[0.04267396 0.04267195] right_arm=[ 0.03273807  1.5341223   1.2155997  -0.89622444 -0.18903014 -1.4666978 ] right_ee=[3.025752e-09 0.000000e+00]
step=132 env=0 left_arm=[-0.00277362 -0.05225259  0.01028372  0.01204559 -0.07144068  0.01563438] left_ee=[0.04267036 0.04267156] right_arm=[ 0.04677193  1.5372689   1.20184    -0.84230345 -0.21031716 -1.4214312 ] right_ee=[2.0696197e-07 0.0000000e+00]
step=133 env=0 left_arm=[-0.00105896 -0.04866517  0.02124984  0.00300247 -0.06928931  0.02400739] left_ee=[0.0426195  0.04261966] right_arm=[ 0.04240818  1.5287274   1.1993452  -0.86652386 -0.19783634 -1.4252555 ] right_ee=[0. 0.]
step=134 env=0 left_arm=[-0.00255529 -0.06146687  0.0079862   0.00400493 -0.07529086  0.01837243] left_ee=[0.04260242 0.04259995] right_arm=[ 0.04857429  1.5217307   1.1824715  -0.83326215 -0.2102457  -1.4029964 ] right_ee=[0. 0.]
step=135 env=0 left_arm=[-0.00407365 -0.05996502  0.01017322  0.00193886 -0.06895337  0.02021202] left_ee=[0.04268904 0.04268049] right_arm=[ 0.04794103  1.5268997   1.2034516  -0.8413267  -0.22154716 -1.4046562 ] right_ee=[0. 0.]
step=136 env=0 left_arm=[-0.00261426 -0.05013982  0.0022253   0.00213549 -0.06704479  0.02779901] left_ee=[0.04254292 0.04254917] right_arm=[ 0.04771762  1.4813445   1.1711875  -0.78117126 -0.23033814 -1.3474593 ] right_ee=[1.4483527e-06 6.1204145e-07]
step=137 env=0 left_arm=[-0.0017668  -0.05216964  0.00017719  0.00528838 -0.07138822  0.02327861] left_ee=[0.04250469 0.04251241] right_arm=[ 0.0463093   1.4951953   1.1799737  -0.77723396 -0.24562472 -1.3586084 ] right_ee=[0. 0.]
step=138 env=0 left_arm=[-0.00546984 -0.05234354  0.00658646  0.00048725 -0.0713117   0.03653858] left_ee=[0.04259038 0.04258349] right_arm=[ 0.06869298  1.4950999   1.1685445  -0.75183034 -0.25740954 -1.3118544 ] right_ee=[0. 0.]
step=139 env=0 left_arm=[-0.00142231 -0.0447199   0.00544153 -0.00256586 -0.06707421  0.04368581] left_ee=[0.04250301 0.04250785] right_arm=[ 0.06598675  1.473081    1.146324   -0.69848835 -0.2775484  -1.2651157 ] right_ee=[9.158444e-07 0.000000e+00]
step=140 env=0 left_arm=[-0.00496019 -0.02874069  0.00764829 -0.01830723 -0.06904852  0.05242974] left_ee=[0.04233908 0.04233557] right_arm=[ 0.06702814  1.471175    1.1350727  -0.6909885  -0.27138287 -1.2677509 ] right_ee=[0. 0.]
step=141 env=0 left_arm=[-0.00384152 -0.03320836 -0.00363404 -0.00388181 -0.06573027  0.06007644] left_ee=[0.04231924 0.04232344] right_arm=[ 0.07083838  1.4617056   1.1205422  -0.6206518  -0.299137   -1.2008927 ] right_ee=[1.576839e-06 0.000000e+00]
step=142 env=0 left_arm=[-0.00650081 -0.0316685   0.00585509 -0.00810899 -0.06015137  0.05806996] left_ee=[0.0420578  0.04206071] right_arm=[ 0.08550717  1.4498355   1.0926673  -0.5606308  -0.33087996 -1.124107  ] right_ee=[1.3726017e-06 0.0000000e+00]
step=143 env=0 left_arm=[-0.00955549 -0.00604182  0.01577079 -0.00628208 -0.05094074  0.06930752] left_ee=[0.04188097 0.0418838 ] right_arm=[ 0.08789951  1.4290748   1.096263   -0.56742996 -0.32223248 -1.136877  ] right_ee=[5.353990e-08 9.338978e-08]
step=144 env=0 left_arm=[-0.00868445 -0.00318247  0.0158203  -0.00558189 -0.05000871  0.07349243] left_ee=[0.04183568 0.04185326] right_arm=[ 0.08380268  1.4204068   1.0682745  -0.55211693 -0.32266012 -1.1282794 ] right_ee=[0.0000000e+00 1.4345093e-07]
step=145 env=0 left_arm=[-0.00571559 -0.00288613  0.0188551  -0.00933125 -0.05838095  0.08691853] left_ee=[0.04167619 0.0416911 ] right_arm=[ 0.08636118  1.3939923   1.0502297  -0.49863103 -0.3463027  -1.0804529 ] right_ee=[8.870474e-07 0.000000e+00]
step=146 env=0 left_arm=[-0.01441615  0.03313202  0.02874633  0.0037196  -0.02891293  0.09769987] left_ee=[0.04156001 0.04152566] right_arm=[ 0.10667392  1.3825127   1.032847   -0.4125353  -0.3719426  -1.0029625 ] right_ee=[1.352974e-06 0.000000e+00]
step=147 env=0 left_arm=[-0.01791987  0.04172064  0.03773698  0.00574976 -0.03218535  0.10240044] left_ee=[0.04145474 0.04149256] right_arm=[ 0.11040509  1.3493279   0.99458444 -0.3731719  -0.3803928  -0.9651309 ] right_ee=[3.383942e-07 0.000000e+00]
step=148 env=0 left_arm=[-0.0229882   0.0702149   0.04673028 -0.00117473 -0.01933687  0.10651469] left_ee=[0.04087039 0.04087033] right_arm=[ 0.11986873  1.2850976   0.93652654 -0.3010467  -0.37235564 -0.8715322 ] right_ee=[6.7578134e-05 2.4647008e-05]
step=149 env=0 left_arm=[-0.01663281  0.09250403  0.0611761  -0.00987072 -0.01541349  0.127312  ] left_ee=[0.0402605  0.04029705] right_arm=[ 0.11536504  1.2274879   0.8918097  -0.25530595 -0.36078736 -0.8254817 ] right_ee=[0.00147574 0.00141319]
step=150 env=0 left_arm=[-0.02407666  0.11715687  0.07102501 -0.00782827 -0.00469044  0.12931304] left_ee=[0.03986068 0.03985221] right_arm=[ 0.1346809   1.167339    0.7938685  -0.11381315 -0.40355492 -0.69249845] right_ee=[0.00235062 0.00242926]
step=151 env=0 left_arm=[-0.01072796 -0.02007702 -0.00639025  0.00635959 -0.01774771  0.05948084] left_ee=[0.04152018 0.04156461] right_arm=[ 0.30703366  1.3308582   0.977273   -0.3071273  -0.20527422 -0.80210185] right_ee=[0.00980886 0.0101407 ]
step=152 env=0 left_arm=[-0.00715211 -0.04404263 -0.01146035  0.00732878 -0.02137028  0.04951528] left_ee=[0.04254607 0.04253962] right_arm=[ 0.34295046  1.3665946   1.0976907  -0.50232476 -0.01521102 -0.8325877 ] right_ee=[0.01660271 0.01611958]
step=153 env=0 left_arm=[-0.00833558 -0.04887296 -0.00706596  0.01033824 -0.01780528  0.04899599] left_ee=[0.04314642 0.04313109] right_arm=[ 0.34585178  1.4136837   1.1476707  -0.6953116   0.08804251 -0.87034047] right_ee=[0.02010615 0.02031469]
step=154 env=0 left_arm=[-0.01124543 -0.05311662  0.00512518  0.0068537  -0.01576755  0.03406557] left_ee=[0.0434933  0.04349281] right_arm=[ 0.35258755  1.4639441   1.1959213  -0.8836596   0.10064194 -0.9049043 ] right_ee=[0.02283145 0.0230078 ]
step=155 env=0 left_arm=[-0.01279969 -0.05853886  0.007484    0.01412468 -0.0101705   0.01995614] left_ee=[0.04369938 0.04370274] right_arm=[ 0.3551878   1.5081983   1.2232885  -0.969466    0.08996321 -0.93251956] right_ee=[0.02435753 0.0242426 ]
step=156 env=0 left_arm=[-0.01375203 -0.05917204  0.00800186  0.01520864 -0.00855218  0.01790158] left_ee=[0.04381868 0.04382676] right_arm=[ 0.35099658  1.5584942   1.2706622  -1.0045133   0.08998045 -0.9865503 ] right_ee=[0.0252784  0.02509223]
step=157 env=0 left_arm=[-0.01524549 -0.06242009  0.01390982  0.02451922 -0.00559755  0.02212847] left_ee=[0.04389224 0.04389663] right_arm=[ 0.3416288   1.5703338   1.2713821  -0.9881171   0.08370353 -0.9837102 ] right_ee=[0.02578919 0.02575422]
step=158 env=0 left_arm=[-0.01199641 -0.0653483   0.00934124  0.02376597 -0.01199064  0.01741289] left_ee=[0.04393135 0.04394376] right_arm=[ 0.3494024  1.6200867  1.3042865 -1.0054996  0.0768685 -1.019718 ] right_ee=[0.02540401 0.02545292]
step=159 env=0 left_arm=[-0.01640398 -0.06924553  0.01143442  0.031967   -0.01421582  0.00031444] left_ee=[0.04396779 0.04395872] right_arm=[ 0.3451009   1.6478631   1.3369001  -1.0373274   0.05940995 -1.0515714 ] right_ee=[0.02511462 0.02512278]
step=160 env=0 left_arm=[-0.01501982 -0.06711607  0.00547662  0.03595332 -0.01697241  0.01342505] left_ee=[0.04397693 0.04398243] right_arm=[ 0.32929575  1.672177    1.3351425  -1.0239186   0.05306249 -1.0830245 ] right_ee=[0.02385358 0.02388492]
step=161 env=0 left_arm=[-0.01502446 -0.07075713  0.00561092  0.04544681 -0.01628466 -0.00396932] left_ee=[0.04398946 0.04398834] right_arm=[ 0.32279825  1.6782578   1.3661054  -1.0232577   0.03647457 -1.1040242 ] right_ee=[0.0235647  0.02351372]
step=162 env=0 left_arm=[-0.01413608 -0.07979701 -0.00799139  0.04978498 -0.02071233 -0.00897104] left_ee=[0.04399182 0.04399557] right_arm=[ 0.31146866  1.6980613   1.3637033  -0.996771    0.01686186 -1.1105773 ] right_ee=[0.02282196 0.02290431]
step=163 env=0 left_arm=[-0.01530123 -0.06804721 -0.00888714  0.05772559 -0.02231762 -0.00894892] left_ee=[0.04399858 0.0439929 ] right_arm=[ 0.2853463   1.6985006   1.364375   -0.9978002   0.01178643 -1.1254947 ] right_ee=[0.02195393 0.02196795]
step=164 env=0 left_arm=[-0.01535164 -0.07395393 -0.00592597  0.05854859 -0.02566815 -0.02177445] left_ee=[0.04399847 0.04399827] right_arm=[ 0.29010746  1.7085876   1.3686984  -0.992179   -0.00849108 -1.1427947 ] right_ee=[0.02052343 0.02059644]
step=165 env=0 left_arm=[-0.01385197 -0.07351619 -0.00425201  0.05638961 -0.03032356 -0.02169519] left_ee=[0.04399883 0.0439959 ] right_arm=[ 0.27707836  1.695906    1.3526812  -0.96865124 -0.02203329 -1.1312015 ] right_ee=[0.01950402 0.01950628]
step=166 env=0 left_arm=[-0.01738823 -0.05730032 -0.00611557  0.06341894 -0.02940602 -0.03004342] left_ee=[0.04399611 0.04399239] right_arm=[ 0.26067606  1.7200478   1.3618737  -0.96001714 -0.03771188 -1.1351455 ] right_ee=[0.01776734 0.01776976]
step=167 env=0 left_arm=[-0.01488828 -0.05895555 -0.00809759  0.05996569 -0.04263927 -0.02440999] left_ee=[0.04399033 0.04399015] right_arm=[ 0.23707592  1.6814263   1.3145852  -0.91066    -0.06798115 -1.1298628 ] right_ee=[0.01603375 0.01606093]
step=168 env=0 left_arm=[-0.01694131 -0.05603563 -0.005499    0.06792085 -0.04967765 -0.02286919] left_ee=[0.043999   0.04398483] right_arm=[ 0.21971191  1.6801088   1.2840002  -0.86286724 -0.10305504 -1.1179378 ] right_ee=[0.01346973 0.01350453]
step=169 env=0 left_arm=[-0.01606988 -0.05874932 -0.0096286   0.07012571 -0.05263734 -0.01929155] left_ee=[0.04399982 0.04399359] right_arm=[ 0.19875006  1.6588472   1.2552752  -0.8242689  -0.12938145 -1.1032102 ] right_ee=[0.0108994  0.01087573]
step=170 env=0 left_arm=[-0.01544399 -0.05815588 -0.00396556  0.07233945 -0.06112751 -0.02139503] left_ee=[0.044      0.04399474] right_arm=[ 0.21059877  1.631522    1.2304683  -0.7764658  -0.13589092 -1.0763965 ] right_ee=[0.00950396 0.00952018]
step=171 env=0 left_arm=[-0.01363569 -0.06060326 -0.01075943  0.06399444 -0.06737933 -0.02308207] left_ee=[0.04397221 0.0439681 ] right_arm=[ 0.20122944  1.6272545   1.1926804  -0.733564   -0.16719663 -1.0526607 ] right_ee=[0.0080331  0.00811305]
step=172 env=0 left_arm=[-0.01652541 -0.05076201 -0.00922637  0.06575745 -0.06670407 -0.01675817] left_ee=[0.04388599 0.04386942] right_arm=[ 0.18800795  1.6231679   1.2071173  -0.75080067 -0.17026684 -1.0667512 ] right_ee=[0.00627081 0.00617476]
step=173 env=0 left_arm=[-0.01593886 -0.04730354 -0.01131135  0.05266127 -0.07129347 -0.0199123 ] left_ee=[0.04352101 0.04352438] right_arm=[ 0.17189391  1.6210316   1.1905106  -0.71815014 -0.1968837  -1.0682508 ] right_ee=[0.0041172  0.00412872]
step=174 env=0 left_arm=[-0.0163941  -0.04312706 -0.00313159  0.05500716 -0.071049   -0.01271365] left_ee=[0.0433111 0.0433037] right_arm=[ 0.17235142  1.6069821   1.1873891  -0.69954515 -0.20114318 -1.0621315 ] right_ee=[0.00239177 0.00237306]
step=175 env=0 left_arm=[-0.01508244 -0.05524459 -0.00857938  0.05193634 -0.08022559 -0.02039079] left_ee=[0.0430978  0.04310258] right_arm=[ 0.17078249  1.5903624   1.151799   -0.6287691  -0.23401135 -1.0271945 ] right_ee=[0.00110976 0.00115077]
step=176 env=0 left_arm=[-0.01277289 -0.05716323 -0.01096514  0.0508513  -0.07844238 -0.01447084] left_ee=[0.04303535 0.04302565] right_arm=[ 0.1719163   1.5795716   1.1467367  -0.6157761  -0.24942158 -1.0041525 ] right_ee=[1.1899727e-07 0.0000000e+00]
step=177 env=0 left_arm=[-0.01375908 -0.05487686 -0.00964023  0.05307649 -0.07645217 -0.01126253] left_ee=[0.04295504 0.04294651] right_arm=[ 0.15825558  1.5823082   1.1530789  -0.6271913  -0.24398685 -1.0182849 ] right_ee=[0. 0.]
step=178 env=0 left_arm=[-0.01443668 -0.04344049 -0.01230287  0.04944294 -0.07792709 -0.01077035] left_ee=[0.04282066 0.04282186] right_arm=[ 0.16315815  1.5791141   1.1310624  -0.5651182  -0.2714578  -0.9757513 ] right_ee=[5.9928965e-07 0.0000000e+00]
step=179 env=0 left_arm=[-0.01521432 -0.0481293  -0.0100317   0.04993489 -0.07688279 -0.01241089] left_ee=[0.04264016 0.04263938] right_arm=[ 0.16447312  1.5752475   1.1344024  -0.5550997  -0.27460948 -0.98837894] right_ee=[0.0000000e+00 2.2584798e-08]
step=180 env=0 left_arm=[-0.01420893 -0.03941536 -0.00849927  0.04144736 -0.07780731 -0.010129  ] left_ee=[0.04251127 0.04251561] right_arm=[ 0.1590904   1.5664715   1.1304077  -0.57355124 -0.27466276 -0.98566586] right_ee=[0.0000000e+00 1.6994601e-08]
step=181 env=0 left_arm=[-0.01209166 -0.04718771 -0.01274284  0.04763717 -0.07733644 -0.01077893] left_ee=[0.04254268 0.04254379] right_arm=[ 0.15156339  1.552278    1.1156075  -0.5337498  -0.29344845 -0.9820806 ] right_ee=[1.40644465e-08 3.94223036e-08]
step=182 env=0 left_arm=[-0.01617084 -0.03474593 -0.01059568  0.05277258 -0.07932619 -0.00242424] left_ee=[0.04259613 0.04258922] right_arm=[ 0.16654362  1.5572779   1.1011761  -0.48691738 -0.3092886  -0.9400897 ] right_ee=[1.7936372e-07 0.0000000e+00]
step=183 env=0 left_arm=[-0.01639404 -0.03165723 -0.00333318  0.0442389  -0.07846914  0.0054157 ] left_ee=[0.04240192 0.04240495] right_arm=[ 0.15865494  1.5469204   1.0918037  -0.4929752  -0.3045058  -0.9397646 ] right_ee=[0. 0.]
step=184 env=0 left_arm=[-0.01695637 -0.04457594 -0.01467871  0.04793155 -0.08608012 -0.00543372] left_ee=[0.0423968  0.04240199] right_arm=[ 0.16737567  1.5397404   1.0688981  -0.4587915  -0.31938556 -0.9179218 ] right_ee=[0. 0.]
step=185 env=0 left_arm=[-0.0196849  -0.04076557 -0.00196817  0.04683691 -0.07493307  0.00214091] left_ee=[0.04239827 0.04238399] right_arm=[ 0.16725636  1.5543615   1.0976912  -0.46858615 -0.32569334 -0.92194074] right_ee=[0. 0.]
step=186 env=0 left_arm=[-0.0181494  -0.0339314  -0.0022031   0.0477295  -0.07195769  0.01192177] left_ee=[0.0423321  0.04234435] right_arm=[ 0.16336626  1.5112264   1.0657487  -0.42175615 -0.33098468 -0.8838087 ] right_ee=[7.3932415e-07 7.9859824e-10]
step=187 env=0 left_arm=[-0.01915041 -0.02359562 -0.00400759  0.04969212 -0.07244258  0.01478908] left_ee=[0.04236364 0.04236789] right_arm=[ 0.16623905  1.5321865   1.0769558  -0.4164867  -0.34145722 -0.8975109 ] right_ee=[0. 0.]
step=188 env=0 left_arm=[-0.02052781 -0.02753878  0.00299714  0.04679521 -0.0742026   0.02234341] left_ee=[0.04237877 0.04238286] right_arm=[ 0.17824167  1.5339426   1.0695236  -0.40959495 -0.3397411  -0.8667029 ] right_ee=[0.000000e+00 9.530827e-09]
step=189 env=0 left_arm=[-0.01951963 -0.02234456  0.00892872  0.04414902 -0.06779386  0.02870856] left_ee=[0.0423614  0.04236086] right_arm=[ 0.1719451   1.5083117   1.0565224  -0.37362197 -0.35070515 -0.8498777 ] right_ee=[1.824452e-07 8.658904e-08]
step=190 env=0 left_arm=[-0.023423   -0.01254728  0.01063455  0.03742395 -0.06763663  0.03537766] left_ee=[0.04226074 0.04226048] right_arm=[ 0.1750197   1.5110013   1.0433611  -0.3595681  -0.35141045 -0.8478015 ] right_ee=[0. 0.]
step=191 env=0 left_arm=[-0.02256756 -0.00889399  0.01565648  0.04317382 -0.06466551  0.04659244] left_ee=[0.04232023 0.04232941] right_arm=[ 0.1799687   1.4946682   1.0225725  -0.30326602 -0.36920187 -0.7851903 ] right_ee=[1.0992713e-06 0.0000000e+00]
step=192 env=0 left_arm=[-0.02738009  0.00736717  0.02013697  0.0412588  -0.05616214  0.04687553] left_ee=[0.04222412 0.04221727] right_arm=[ 0.18182309  1.4918947   1.0091993  -0.28634223 -0.38224843 -0.76601124] right_ee=[0. 0.]
step=193 env=0 left_arm=[-0.0266751   0.02353333  0.03030844  0.03228324 -0.04636775  0.06153769] left_ee=[0.042023  0.0420376] right_arm=[ 0.17532428  1.4677204   1.0187109  -0.30712476 -0.3663123  -0.79645604] right_ee=[3.3593642e-07 2.9278212e-07]
step=194 env=0 left_arm=[-0.02697269  0.01764212  0.02596419  0.03128202 -0.05137889  0.06237365] left_ee=[0.04218971 0.04220615] right_arm=[ 0.17595023  1.463765    0.9905376  -0.28716138 -0.37119082 -0.7847789 ] right_ee=[0.0000000e+00 1.7908818e-07]
step=195 env=0 left_arm=[-0.02722866  0.02298203  0.03458343  0.02827905 -0.05262536  0.07009184] left_ee=[0.04204895 0.04205383] right_arm=[ 0.17705834  1.446791    0.9754469  -0.24670261 -0.3910616  -0.74985904] right_ee=[2.7792302e-07 0.0000000e+00]
step=196 env=0 left_arm=[-0.03200733  0.04779381  0.05238409  0.03678573 -0.02637959  0.08948009] left_ee=[0.04217904 0.04216359] right_arm=[ 0.18309714  1.4308125   0.9641821  -0.19100952 -0.39498436 -0.7181911 ] right_ee=[2.0133702e-07 1.2475813e-07]
step=197 env=0 left_arm=[-0.03445606  0.05381279  0.06178561  0.03944254 -0.02292583  0.10017656] left_ee=[0.0422586  0.04228528] right_arm=[ 0.18703969  1.4107193   0.94191617 -0.1692004  -0.4048613  -0.6969284 ] right_ee=[1.6948343e-06 0.0000000e+00]
step=198 env=0 left_arm=[-0.04229518  0.08753708  0.07535225  0.02466893 -0.00547786  0.10991952] left_ee=[0.04198132 0.04197675] right_arm=[ 0.18575197  1.3670139   0.90586716 -0.14891528 -0.38241345 -0.6606051 ] right_ee=[4.3710173e-07 3.0122118e-07]
step=199 env=0 left_arm=[-0.03586138  0.09780827  0.08381117  0.02083296 -0.0073613   0.13281642] left_ee=[0.04164483 0.04169231] right_arm=[ 0.17426617  1.3241035   0.87986094 -0.11912544 -0.3716077  -0.6442298 ] right_ee=[0.00114746 0.00108155]
step=200 env=0 left_arm=[-0.03877503  0.1284023   0.09579408  0.01815721 -0.00183768  0.15224718] left_ee=[0.04161244 0.04160931] right_arm=[ 0.18275386  1.2659204   0.79058254 -0.01249613 -0.4068526  -0.5597658 ] right_ee=[0.00221248 0.00234704]
step=201 env=0 left_arm=[-0.01575072 -0.00192683 -0.00052638 -0.01041434 -0.01925954  0.09220245] left_ee=[0.04260361 0.04258197] right_arm=[ 0.32920933  1.1789813   0.871034   -0.20792489 -0.21500526 -0.73557   ] right_ee=[0.01035916 0.01027123]
step=202 env=0 left_arm=[-0.0110284  -0.02292298 -0.00515296 -0.01281478 -0.02366617  0.07813951] left_ee=[0.0431866  0.04315609] right_arm=[ 0.34665063  1.1856129   0.9040537  -0.4021802  -0.03588901 -0.79096043] right_ee=[0.01759769 0.01750739]
step=203 env=0 left_arm=[-0.01257947 -0.02412648  0.00228626 -0.01076303 -0.01780258  0.08027471] left_ee=[0.04352666 0.0434994 ] right_arm=[ 3.4487280e-01  1.2388334e+00  9.4849241e-01 -5.9650075e-01
 -9.5664081e-04 -8.3970553e-01] right_ee=[0.02238954 0.02249307]
step=204 env=0 left_arm=[-0.01790255 -0.02169335  0.01463718 -0.01385326 -0.01907347  0.06372738] left_ee=[0.04371786 0.04371376] right_arm=[ 0.33877715  1.283759    0.99031293 -0.7812541  -0.00137375 -0.8779001 ] right_ee=[0.02582988 0.02595752]
step=205 env=0 left_arm=[-0.01893812 -0.02212588  0.01772057 -0.0054546  -0.01432199  0.05031287] left_ee=[0.04383135 0.04383462] right_arm=[ 0.3329404   1.3277737   1.0070623  -0.8383933  -0.00727741 -0.90887034] right_ee=[0.0278198  0.02767865]
step=206 env=0 left_arm=[-0.01895679 -0.01926041  0.02071148 -0.00391205 -0.0142626   0.05000096] left_ee=[0.04389698 0.04390445] right_arm=[ 0.32268614  1.3786136   1.0495698  -0.8718036  -0.00453269 -0.9741448 ] right_ee=[0.02879468 0.02862631]
step=207 env=0 left_arm=[-0.02053515 -0.01699703  0.02789223  0.0012206  -0.01153913  0.04694812] left_ee=[0.04393961 0.04394174] right_arm=[ 0.31160486  1.3948067   1.0557009  -0.8677534  -0.00977579 -0.9803378 ] right_ee=[0.02946276 0.02944362]
step=208 env=0 left_arm=[-0.01553948 -0.01828385  0.02235105 -0.00146263 -0.01826192  0.05232605] left_ee=[0.04395922 0.04397127] right_arm=[ 0.3166545   1.4481223   1.0900117  -0.8957364  -0.00877424 -1.0315529 ] right_ee=[0.02900123 0.02903662]
step=209 env=0 left_arm=[-0.01970645 -0.01709978  0.02881518  0.008846   -0.01948234  0.03227916] left_ee=[0.04398455 0.04397592] right_arm=[ 0.30732808  1.4768066   1.1239393  -0.9266656  -0.023214   -1.0683885 ] right_ee=[0.02876749 0.02875338]
step=210 env=0 left_arm=[-0.01694839 -0.01001545  0.0232429   0.00705834 -0.02455255  0.04649439] left_ee=[0.04398659 0.04399328] right_arm=[ 0.290866    1.5060352   1.1344935  -0.9317287  -0.02325947 -1.117068  ] right_ee=[0.02758006 0.02760976]
step=211 env=0 left_arm=[-0.01561008 -0.016234    0.0247576   0.01622584 -0.02519242  0.03026037] left_ee=[0.0439946  0.04399498] right_arm=[ 0.28000253  1.507926    1.1652396  -0.94782406 -0.03304886 -1.1454613 ] right_ee=[0.02720422 0.02716209]
step=212 env=0 left_arm=[-0.01416022 -0.01932772  0.01378431  0.02623208 -0.02846491  0.02983304] left_ee=[0.04399818 0.04399551] right_arm=[ 0.2565285   1.5368712   1.1685889  -0.92914337 -0.04664237 -1.1683958 ] right_ee=[0.02649796 0.02655313]
step=213 env=0 left_arm=[-0.01346593 -0.01223189  0.01256014  0.02807175 -0.03123395  0.03272833] left_ee=[0.04399976 0.04399606] right_arm=[ 0.23436908  1.5370245   1.181869   -0.9530612  -0.04441789 -1.1964568 ] right_ee=[0.0255317  0.02556249]
step=214 env=0 left_arm=[-0.01291067 -0.01554166  0.02086106  0.02291672 -0.03008614  0.02516731] left_ee=[0.0439989  0.04399811] right_arm=[ 0.23165153  1.5497086   1.1886845  -0.9692901  -0.05641209 -1.2299873 ] right_ee=[0.02399145 0.02405634]
step=215 env=0 left_arm=[-0.01020375 -0.01580381  0.02411767  0.02311584 -0.03508628  0.02872089] left_ee=[0.04399707 0.04399451] right_arm=[ 0.21850936  1.533998    1.1841677  -0.96513325 -0.05479705 -1.2273265 ] right_ee=[0.02287515 0.02285727]
step=216 env=0 left_arm=[-0.01486757 -0.00840979  0.01885939  0.0285966  -0.0343066   0.01197992] left_ee=[0.04399482 0.04398906] right_arm=[ 0.19651341  1.5599363   1.1935163  -0.96249765 -0.0754431  -1.2342228 ] right_ee=[0.02092068 0.02091948]
step=217 env=0 left_arm=[-0.01127329 -0.00723424  0.01716106  0.02741212 -0.04123552  0.01764147] left_ee=[0.04398841 0.04399279] right_arm=[ 0.1741161   1.5347831   1.1799805  -0.95787895 -0.08341053 -1.2503037 ] right_ee=[0.01933268 0.01935479]
step=218 env=0 left_arm=[-0.01252722 -0.00385319  0.02586214  0.03477681 -0.04615154  0.01774342] left_ee=[0.04399762 0.04398918] right_arm=[ 0.14720258  1.5370084   1.1622287  -0.9454441  -0.10121137 -1.264007  ] right_ee=[0.0166159  0.01665604]
step=219 env=0 left_arm=[-0.01088987 -0.00581222  0.02415538  0.03763657 -0.04771954  0.02421841] left_ee=[0.04399966 0.04399458] right_arm=[ 0.12887183  1.5124594   1.1524997  -0.93606776 -0.11225124 -1.2601113 ] right_ee=[0.01402797 0.01400176]
step=220 env=0 left_arm=[-0.01064058 -0.0101258   0.02871225  0.03617638 -0.05276552  0.01604892] left_ee=[0.04396301 0.04396085] right_arm=[ 0.13578562  1.4854919   1.1312926  -0.8998417  -0.11439604 -1.2437878 ] right_ee=[0.01258688 0.01259368]
step=221 env=0 left_arm=[-0.00905916 -0.01191801  0.02310082  0.03284597 -0.06654449  0.00986917] left_ee=[0.04382903 0.04382855] right_arm=[ 0.13105781  1.4976588   1.1000448  -0.8478742  -0.15256532 -1.2117285 ] right_ee=[0.01100533 0.01107773]
step=222 env=0 left_arm=[-0.00950045 -0.00649972  0.02969554  0.03228117 -0.06028417  0.02225552] left_ee=[0.04373608 0.04371429] right_arm=[ 0.11404697  1.4728109   1.1225637  -0.8938227  -0.13307253 -1.2390659 ] right_ee=[0.00921916 0.009142  ]
step=223 env=0 left_arm=[-0.00838842 -0.00216739  0.02259998  0.02406383 -0.06400547  0.01198872] left_ee=[0.04337218 0.04337097] right_arm=[ 0.09580989  1.4837196   1.111542   -0.86819863 -0.1580414  -1.2428049 ] right_ee=[0.00754995 0.00757274]
step=224 env=0 left_arm=[-0.00931081  0.0073989   0.0299439   0.01806849 -0.06502973  0.024452  ] left_ee=[0.04318783 0.04318196] right_arm=[ 0.09012444  1.4593405   1.119191   -0.87659514 -0.1526391  -1.2471465 ] right_ee=[0.00562749 0.00559507]
step=225 env=0 left_arm=[-0.00835246 -0.00856765  0.02724839  0.02184765 -0.07275686  0.0153633 ] left_ee=[0.04304454 0.04304983] right_arm=[ 0.08927222  1.4588145   1.0968784  -0.8288891  -0.16655882 -1.2302713 ] right_ee=[0.00454184 0.00459066]
step=226 env=0 left_arm=[-0.00546257 -0.00559386  0.02591128  0.02034341 -0.0736411   0.02049848] left_ee=[0.04297989 0.04297372] right_arm=[ 0.0881764   1.4455832   1.0931144  -0.81469023 -0.18332322 -1.1995171 ] right_ee=[0.00352262 0.00351456]
step=227 env=0 left_arm=[-0.00529427 -0.0095181   0.02633122  0.01981948 -0.07017386  0.02526912] left_ee=[0.04288328 0.04287367] right_arm=[ 0.07796621  1.4428347   1.0904769  -0.8179129  -0.17835547 -1.2095398 ] right_ee=[0.00275894 0.00277419]
step=228 env=0 left_arm=[-0.00638667  0.00134844  0.02471222  0.01932581 -0.0718667   0.02128784] left_ee=[0.04278775 0.04278509] right_arm=[ 0.07995939  1.4483482   1.0875034  -0.7910846  -0.19324233 -1.1918421 ] right_ee=[0.00234474 0.00234239]
step=229 env=0 left_arm=[-0.00676536 -0.00738738  0.02930966  0.01856168 -0.07293097  0.02163406] left_ee=[0.04250969 0.04251213] right_arm=[ 0.07834612  1.433479    1.0810835  -0.778055   -0.1909639  -1.1895574 ] right_ee=[0.00186136 0.00186286]
step=230 env=0 left_arm=[-0.0064509   0.00198712  0.02790192  0.00901224 -0.07347459  0.02319989] left_ee=[0.04235037 0.0423487 ] right_arm=[ 0.07158085  1.4326736   1.0813816  -0.788942   -0.20148772 -1.1981589 ] right_ee=[0.0020289  0.00205597]
step=231 env=0 left_arm=[-0.00443451 -0.00873043  0.02424621  0.01309485 -0.06871726  0.02064488] left_ee=[0.04247573 0.04247632] right_arm=[ 0.06238518  1.4215151   1.075763   -0.77280176 -0.2049569  -1.2082396 ] right_ee=[0.0022993  0.00226462]
step=232 env=0 left_arm=[-0.0081244   0.00757153  0.02993212  0.01584666 -0.07725703  0.03213578] left_ee=[0.04240476 0.0424062 ] right_arm=[ 0.07892714  1.4242895   1.0573034  -0.7238519  -0.22353534 -1.1603827 ] right_ee=[0.00222734 0.00228235]
step=233 env=0 left_arm=[-0.0062065   0.00736347  0.03737964  0.00644982 -0.07612868  0.04282584] left_ee=[0.04213019 0.04213158] right_arm=[ 0.06813186  1.4103564   1.0472275  -0.73506004 -0.2126179  -1.1590165 ] right_ee=[0.00184256 0.00185655]
step=234 env=0 left_arm=[-0.0084462  -0.00347041  0.02817534  0.01167855 -0.08141347  0.03231115] left_ee=[0.04211828 0.04211432] right_arm=[ 0.08004178  1.4039555   1.0297784  -0.7059043  -0.21944696 -1.1428822 ] right_ee=[0.00205669 0.00207802]
step=235 env=0 left_arm=[-0.01151311 -0.00147319  0.03278117  0.00079554 -0.0691171   0.0355591 ] left_ee=[0.04211158 0.04209976] right_arm=[ 0.0751172   1.4116921   1.0584234  -0.7233525  -0.22453512 -1.1453719 ] right_ee=[0.00156435 0.00146666]
step=236 env=0 left_arm=[-0.00905823  0.00942163  0.02717144  0.00539337 -0.06484332  0.05029437] left_ee=[0.04196217 0.0419768 ] right_arm=[ 0.07321059  1.3520577   1.0122486  -0.65216386 -0.23037161 -1.0886805 ] right_ee=[0.00184526 0.00184381]
step=237 env=0 left_arm=[-0.00882949  0.01292205  0.02507063  0.00759354 -0.071083    0.05167241] left_ee=[0.04190977 0.04192092] right_arm=[ 0.07638147  1.3797256   1.0230383  -0.65021884 -0.24465989 -1.1049217 ] right_ee=[0.00181079 0.00186916]
step=238 env=0 left_arm=[-0.01313075  0.00586845  0.03155128  0.0035145  -0.07854444  0.06241632] left_ee=[0.04194233 0.04194157] right_arm=[ 0.09751397  1.3671207   0.99371004 -0.6036087  -0.2580339  -1.0417098 ] right_ee=[0.00244352 0.00251601]
step=239 env=0 left_arm=[-0.01087952  0.00859482  0.03757011  0.00144092 -0.06736273  0.06778088] left_ee=[0.04185763 0.04185275] right_arm=[ 0.08984727  1.3422071   0.9883452  -0.577672   -0.26285028 -1.0267274 ] right_ee=[0.00321437 0.00310431]
step=240 env=0 left_arm=[-0.01597043  0.02823973  0.04300186 -0.01183655 -0.06847424  0.08443647] left_ee=[0.04167021 0.04166925] right_arm=[ 0.09154485  1.3417529   0.97119236 -0.5569684  -0.25999597 -1.0244734 ] right_ee=[0.0028299 0.0029067]
step=241 env=0 left_arm=[-0.01616118  0.02063906  0.03242164  0.00191558 -0.06446798  0.08645611] left_ee=[0.04175284 0.04176112] right_arm=[ 0.09795785  1.3270836   0.9526918  -0.47671908 -0.2842161  -0.9513302 ] right_ee=[0.00358081 0.00350979]
step=242 env=0 left_arm=[-0.02056687  0.02825602  0.04126288 -0.00334875 -0.06042826  0.08141901] left_ee=[0.04162708 0.04163224] right_arm=[ 0.10668435  1.3176199   0.9261476  -0.4349484  -0.31044546 -0.90233034] right_ee=[0.003616   0.00369878]
step=243 env=0 left_arm=[-0.02166148  0.0487778   0.05138103 -0.01311229 -0.05503779  0.09696488] left_ee=[0.04135392 0.0413645 ] right_arm=[ 0.10430795  1.2949611   0.93060315 -0.44544777 -0.29722002 -0.9235955 ] right_ee=[0.00404654 0.00396168]
step=244 env=0 left_arm=[-0.0190074   0.05383754  0.05547883 -0.01375737 -0.05682956  0.10251805] left_ee=[0.04136658 0.04138526] right_arm=[ 0.09668057  1.277357    0.9024136  -0.4444154  -0.28568095 -0.925343  ] right_ee=[0.00502097 0.00509468]
step=245 env=0 left_arm=[-0.01959537  0.05501148  0.05731963 -0.01581862 -0.06490069  0.11054394] left_ee=[0.04125256 0.04125547] right_arm=[ 0.10291932  1.2472187   0.87692666 -0.3794637  -0.31208116 -0.8682898 ] right_ee=[0.00534227 0.00527635]
step=246 env=0 left_arm=[-0.0230514   0.07682958  0.06326451 -0.01139975 -0.0427678   0.13001774] left_ee=[0.04128633 0.04126401] right_arm=[ 0.10717521  1.2343982   0.8690822  -0.32264602 -0.3177563  -0.8403078 ] right_ee=[0.00596154 0.00589524]
step=247 env=0 left_arm=[-0.02646266  0.07658295  0.07036588 -0.00926667 -0.04362044  0.13446409] left_ee=[0.04127285 0.0412996 ] right_arm=[ 0.11195774  1.2088094   0.85457087 -0.31073144 -0.32320562 -0.82218355] right_ee=[0.0063111  0.00634796]
step=248 env=0 left_arm=[-0.03170807  0.10564677  0.08258739 -0.02487355 -0.02895713  0.13784166] left_ee=[0.04076832 0.04076197] right_arm=[ 0.11749377  1.1501908   0.8016897  -0.24219927 -0.3187145  -0.74723154] right_ee=[0.00678941 0.0067836 ]
step=249 env=0 left_arm=[-0.02550336  0.12755792  0.09326717 -0.0234158  -0.02676632  0.16583338] left_ee=[0.04031661 0.04035472] right_arm=[ 0.10828552  1.0989541   0.7540411  -0.183382   -0.31267563 -0.71078914] right_ee=[0.00822055 0.0081861 ]
step=250 env=0 left_arm=[-0.02866179  0.14954658  0.09979707 -0.01854375 -0.0210376   0.1776766 ] left_ee=[0.04008952 0.0400858 ] right_arm=[ 0.12229439  1.0354406   0.66644937 -0.08246287 -0.33754584 -0.60933506] right_ee=[0.00932931 0.00942515]
step=251 env=0 left_arm=[-0.02023482  0.00575828  0.00519621  0.00541875 -0.01736823  0.10065551] left_ee=[0.0416822  0.04168389] right_arm=[ 0.26811397  1.0372591   0.80544597 -0.27597615 -0.14666452 -0.7126962 ] right_ee=[0.01719634 0.0169382 ]
step=252 env=0 left_arm=[-1.6996568e-02 -1.9961227e-02  9.1136235e-06  1.0826502e-02
 -1.6816568e-02  8.6288147e-02] left_ee=[0.04262117 0.04263913] right_arm=[ 0.28918445  1.0608974   0.8530688  -0.4688277   0.01642033 -0.7511089 ] right_ee=[0.02347263 0.02350038]
step=253 env=0 left_arm=[-0.01804622 -0.02282539  0.00060172  0.01588918 -0.01182092  0.08432203] left_ee=[0.04318964 0.04318633] right_arm=[ 0.29088372  1.1262634   0.9060571  -0.6571795   0.03798625 -0.8044521 ] right_ee=[0.02710904 0.02726388]
step=254 env=0 left_arm=[-0.02114859 -0.0226537   0.01532102  0.01151374 -0.01349471  0.06611902] left_ee=[0.04351586 0.04352661] right_arm=[ 0.29024133  1.1818994   0.956314   -0.77198625  0.03592482 -0.8487318 ] right_ee=[0.03005028 0.02992561]
step=255 env=0 left_arm=[-0.02120993 -0.02779011  0.01554487  0.01831919 -0.00879986  0.05824232] left_ee=[0.04371429 0.04371756] right_arm=[ 0.288427    1.2347633   0.9862403  -0.7988527   0.03250235 -0.88366276] right_ee=[0.03162578 0.03152297]
step=256 env=0 left_arm=[-0.02201614 -0.02284099  0.01720138  0.02203346 -0.00709034  0.06028515] left_ee=[0.04382969 0.04383343] right_arm=[ 0.28330866  1.3043722   1.0419915  -0.8373221   0.03769263 -0.95044065] right_ee=[0.03237586 0.03230016]
step=257 env=0 left_arm=[-0.02195105 -0.02289218  0.02418093  0.02781529 -0.00485821  0.06498055] left_ee=[0.04389678 0.04390331] right_arm=[ 0.2771017   1.3268789   1.0635171  -0.8423868   0.03753664 -0.96490544] right_ee=[0.03288107 0.03288089]
step=258 env=0 left_arm=[-0.01961499 -0.02655128  0.01720941  0.02109165 -0.01012652  0.06075121] left_ee=[0.04393905 0.04394205] right_arm=[ 0.28640234  1.3922476   1.1028911  -0.8787045   0.03904092 -1.0182655 ] right_ee=[0.03243094 0.03252752]
step=259 env=0 left_arm=[-0.02326387 -0.02188256  0.02000171  0.03514232 -0.01037388  0.03615347] left_ee=[0.04396982 0.04396437] right_arm=[ 0.28303882  1.4302739   1.1471759  -0.9199555   0.02887054 -1.0652617 ] right_ee=[0.03229395 0.03228426]
step=260 env=0 left_arm=[-0.02164544 -0.01682897  0.01234605  0.03593055 -0.01286849  0.05159235] left_ee=[0.04397904 0.04398458] right_arm=[ 0.27200964  1.4639375   1.167263   -0.9338548   0.03218593 -1.1191398 ] right_ee=[0.03126129 0.03128928]
step=261 env=0 left_arm=[-0.02135678 -0.0159994   0.01391295  0.04750655 -0.01559296  0.03357945] left_ee=[0.04398807 0.0439925 ] right_arm=[ 0.267539    1.4729525   1.20157    -0.9574798   0.02307458 -1.1477423 ] right_ee=[0.03080861 0.03078194]
step=262 env=0 left_arm=[-0.02045123 -0.0172025  -0.00267252  0.05618523 -0.01391527  0.02898099] left_ee=[0.04399681 0.04399082] right_arm=[ 0.24861073  1.5085537   1.2108068  -0.9577746   0.01350703 -1.1771916 ] right_ee=[0.03029295 0.03036525]
step=263 env=0 left_arm=[-0.01972315 -0.00431477 -0.00185777  0.05722411 -0.01703581  0.02695563] left_ee=[0.0439961 0.0439974] right_arm=[ 0.2289637   1.5227703   1.2355107  -0.99401987  0.02148053 -1.219467  ] right_ee=[0.02926367 0.02927191]
step=264 env=0 left_arm=[-0.01881517 -0.00505424  0.00638023  0.0504663  -0.01867163  0.02149438] left_ee=[0.04399838 0.04399794] right_arm=[ 0.23262717  1.5370893   1.2418653  -1.0024805   0.0062076  -1.2422668 ] right_ee=[0.02759714 0.02765838]
step=265 env=0 left_arm=[-0.01654671 -0.00597364  0.01025281  0.0509246  -0.02734111  0.02420822] left_ee=[0.04399804 0.04399279] right_arm=[ 0.21618542  1.5214039   1.2405851  -0.99905384  0.00469396 -1.2389003 ] right_ee=[0.02646208 0.02643469]
step=266 env=0 left_arm=[-0.01996407  0.00452629  0.00674587  0.05623873 -0.02293864  0.01420491] left_ee=[0.0439938  0.04398645] right_arm=[ 0.20060162  1.5579206   1.2608324  -1.0116224  -0.00539399 -1.2629839 ] right_ee=[0.02423476 0.02425263]
step=267 env=0 left_arm=[-0.01730392  0.00760192  0.00551442  0.05762897 -0.02900725  0.01301795] left_ee=[0.04398743 0.04399399] right_arm=[ 0.17609128  1.5383903   1.248495   -1.0021852  -0.01221004 -1.2758988 ] right_ee=[0.02240651 0.02242531]
step=268 env=0 left_arm=[-0.01969255  0.01064659  0.01909961  0.05910692 -0.03442155  0.01116572] left_ee=[0.04399776 0.0439902 ] right_arm=[ 0.16186365  1.5436218   1.2478863  -1.0195684  -0.02246135 -1.2985753 ] right_ee=[0.0195596  0.01960602]
step=269 env=0 left_arm=[-0.01804384  0.00811198  0.01772334  0.06126299 -0.03715409  0.01494527] left_ee=[0.04397662 0.04397441] right_arm=[ 0.14608891  1.5272019   1.2349563  -1.0072815  -0.03544467 -1.2967029 ] right_ee=[0.01706508 0.01704689]
step=270 env=0 left_arm=[-0.01719602  0.00715562  0.02357166  0.0597152  -0.04110236  0.00738137] left_ee=[0.04398551 0.04398221] right_arm=[ 0.15545237  1.4903736   1.2119619  -0.9722214  -0.03107005 -1.2713594 ] right_ee=[0.01589736 0.01588388]
step=271 env=0 left_arm=[-0.01594802  0.00795064  0.01702153  0.04671608 -0.04917158  0.00959854] left_ee=[0.04366824 0.04366565] right_arm=[ 0.14401892  1.4962221   1.1840035  -0.9401367  -0.05808323 -1.2541046 ] right_ee=[0.01435707 0.01441805]
step=272 env=0 left_arm=[-0.01680782  0.01203694  0.02057202  0.05021137 -0.04327349  0.01572709] left_ee=[0.04343708 0.0434216 ] right_arm=[ 0.13214087  1.4896443   1.210365   -0.98212653 -0.04274916 -1.2812803 ] right_ee=[0.01270571 0.01263546]
step=273 env=0 left_arm=[-0.01608301  0.01528914  0.01775312  0.03554756 -0.04394973  0.01167146] left_ee=[0.04288333 0.04288511] right_arm=[ 0.11061444  1.4961737   1.2001997  -0.9632653  -0.06206864 -1.2923657 ] right_ee=[0.01083138 0.01084254]
step=274 env=0 left_arm=[-0.01577492  0.01966291  0.02965333  0.03430885 -0.05084472  0.01470238] left_ee=[0.04258019 0.04258404] right_arm=[ 0.1144317   1.4813136   1.2138368  -0.9796331  -0.05357943 -1.3000772 ] right_ee=[0.00899342 0.00897155]
step=275 env=0 left_arm=[-0.01405327  0.01130303  0.02003831  0.03737301 -0.05383363  0.00877034] left_ee=[0.04237489 0.04236962] right_arm=[ 0.10476778  1.47337     1.183771   -0.9352039  -0.06545937 -1.2872015 ] right_ee=[0.00781731 0.00786047]
step=276 env=0 left_arm=[-0.01158045  0.01691226  0.02386991  0.03641901 -0.0538696   0.01931492] left_ee=[0.04219043 0.04218472] right_arm=[ 0.10770144  1.4577504   1.1816148  -0.9285039  -0.07726506 -1.2631874 ] right_ee=[0.00691688 0.0069019 ]
step=277 env=0 left_arm=[-0.01095641  0.01168466  0.01978778  0.03666889 -0.05243142  0.01504714] left_ee=[0.04206035 0.04205298] right_arm=[ 0.0984294   1.4629264   1.180202   -0.9274478  -0.07395235 -1.2692795 ] right_ee=[0.00603097 0.00604092]
step=278 env=0 left_arm=[-0.01181027  0.02262798  0.02503205  0.03038673 -0.05460515  0.01645715] left_ee=[0.04193806 0.04193566] right_arm=[ 0.09666721  1.4720467   1.1830069  -0.9076355  -0.08586876 -1.2566684 ] right_ee=[0.00551863 0.00550327]
step=279 env=0 left_arm=[-0.0113943   0.01820006  0.02642272  0.03184174 -0.05518243  0.01776251] left_ee=[0.04166801 0.04166799] right_arm=[ 0.09500348  1.4610907   1.1837373  -0.91789615 -0.0784592  -1.270825  ] right_ee=[0.00482198 0.00484455]
step=280 env=0 left_arm=[-0.0096314   0.02279971  0.02905378  0.0174689  -0.05357762  0.01713876] left_ee=[0.04153078 0.04152939] right_arm=[ 0.08950421  1.4567534   1.1813974  -0.92070436 -0.0871335  -1.2772774 ] right_ee=[0.00508003 0.00508743]
step=281 env=0 left_arm=[-0.00907524  0.01372615  0.02198709  0.02716836 -0.05380755  0.01354363] left_ee=[0.04167825 0.04167765] right_arm=[ 0.07841041  1.4425184   1.1661818  -0.9079948  -0.0903538  -1.2838079 ] right_ee=[0.00534772 0.00534697]
step=282 env=0 left_arm=[-0.01176279  0.02534986  0.02257927  0.02271285 -0.06462544  0.0302595 ] left_ee=[0.04163816 0.04163945] right_arm=[ 0.09309979  1.4358208   1.1473533  -0.8676317  -0.09943224 -1.2417653 ] right_ee=[0.00547239 0.00548207]
step=283 env=0 left_arm=[-0.00986211  0.02930633  0.03431713  0.01176318 -0.06279022  0.03640279] left_ee=[0.04139415 0.04139213] right_arm=[ 0.08230449  1.4362557   1.15076    -0.8905401  -0.08763773 -1.2603847 ] right_ee=[0.00496715 0.00496871]
step=284 env=0 left_arm=[-0.01190103  0.02452198  0.02146587  0.01918743 -0.06525116  0.02899215] left_ee=[0.04130331 0.04129558] right_arm=[ 0.09188395  1.4244963   1.1280177  -0.8597862  -0.09394418 -1.2406746 ] right_ee=[0.00491776 0.00493522]
step=285 env=0 left_arm=[-0.01292094  0.01700591  0.02374192  0.01211081 -0.06331434  0.02677307] left_ee=[0.0413296  0.04132826] right_arm=[ 0.08989583  1.4394516   1.1540895  -0.87724215 -0.09237614 -1.246091  ] right_ee=[0.0044009  0.00433281]
step=286 env=0 left_arm=[-0.01112154  0.02202248  0.01735352  0.01630837 -0.06254937  0.04382601] left_ee=[0.04120288 0.04120685] right_arm=[ 0.07997233  1.3655261   1.0979458  -0.80851716 -0.09921632 -1.1862867 ] right_ee=[0.00461677 0.00461592]
step=287 env=0 left_arm=[-0.00903185  0.02272206  0.01552432  0.0121834  -0.06899966  0.03924241] left_ee=[0.0412144  0.04121978] right_arm=[ 0.08323327  1.3838309   1.108029   -0.8071135  -0.11356474 -1.2039399 ] right_ee=[0.0049535  0.00497785]
step=288 env=0 left_arm=[-0.0113352   0.02379855  0.0238975   0.00483349 -0.07392552  0.05155637] left_ee=[0.04122428 0.04121725] right_arm=[ 0.1020092   1.3861468   1.0990727  -0.7958419  -0.11202122 -1.172995  ] right_ee=[0.00540237 0.00546383]
step=289 env=0 left_arm=[-0.00970436  0.02341074  0.0283401   0.00353031 -0.06157405  0.0591158 ] left_ee=[0.04121282 0.04120439] right_arm=[ 0.09299379  1.3492798   1.0799725  -0.75616544 -0.12043407 -1.1422116 ] right_ee=[0.00601076 0.00592886]
step=290 env=0 left_arm=[-0.01280936  0.03418028  0.02847044 -0.00838435 -0.06733113  0.06323188] left_ee=[0.04105669 0.04105927] right_arm=[ 0.08978071  1.3521566   1.0683665  -0.7457503  -0.11577756 -1.1545105 ] right_ee=[0.00567847 0.00574226]
step=291 env=0 left_arm=[-0.01327317  0.02372315  0.01895659  0.00696482 -0.05931861  0.06755169] left_ee=[0.04112505 0.04112423] right_arm=[ 0.0969566   1.33112     1.0482357  -0.67900735 -0.136136   -1.0826569 ] right_ee=[0.00626263 0.0062004 ]
step=292 env=0 left_arm=[-0.01504415  0.0356722   0.02480115 -0.00234573 -0.05622521  0.06101641] left_ee=[0.04105211 0.04105677] right_arm=[ 0.09972191  1.3090708   1.0093055  -0.62958896 -0.15865402 -1.0323334 ] right_ee=[0.00654875 0.00662103]
step=293 env=0 left_arm=[-0.01389436  0.04371797  0.03740814 -0.01759532 -0.05543667  0.08025179] left_ee=[0.04092874 0.04094218] right_arm=[ 0.09490005  1.280437    1.0115138  -0.63843447 -0.15500675 -1.0471687 ] right_ee=[0.00695186 0.00686507]
step=294 env=0 left_arm=[-0.01481833  0.04704379  0.03719983 -0.01828714 -0.05000279  0.08141053] left_ee=[0.04090793 0.04090536] right_arm=[ 0.09444343  1.2598523   0.9722681  -0.61124676 -0.14985065 -1.0244749 ] right_ee=[0.00780061 0.00789224]
step=295 env=0 left_arm=[-0.01308274  0.05153003  0.0441009  -0.02253881 -0.05956325  0.09362052] left_ee=[0.04080545 0.04082201] right_arm=[ 0.09209636  1.2305645   0.94728506 -0.55563724 -0.17514458 -0.9789953 ] right_ee=[0.00822644 0.00814119]
step=296 env=0 left_arm=[-0.01729336  0.06197888  0.04513397 -0.01663626 -0.03906969  0.10245447] left_ee=[0.04092147 0.04089617] right_arm=[ 0.09458978  1.1891911   0.9257528  -0.49565926 -0.17589763 -0.9339251 ] right_ee=[0.0091417  0.00905559]
step=297 env=0 left_arm=[-0.01850143  0.06884635  0.05646798 -0.02102558 -0.04020421  0.11390343] left_ee=[0.04103301 0.04105873] right_arm=[ 0.09524601  1.166392    0.91211784 -0.47796816 -0.1823527  -0.92582595] right_ee=[0.00969255 0.00972136]
step=298 env=0 left_arm=[-0.02395441  0.09147397  0.06379268 -0.0311695  -0.02903229  0.11127736] left_ee=[0.04072999 0.04072103] right_arm=[ 0.10323835  1.1068515   0.85582644 -0.41273284 -0.18164681 -0.8487802 ] right_ee=[0.0098979  0.00992202]
step=299 env=0 left_arm=[-0.01737626  0.10947064  0.07878699 -0.04719744 -0.03189391  0.15331122] left_ee=[0.04024351 0.04028168] right_arm=[ 0.09074092  1.0292389   0.8057098  -0.35766914 -0.16359955 -0.8008713 ] right_ee=[0.01147364 0.01138761]
step=300 env=0 left_arm=[-0.02102309  0.12650405  0.07924027 -0.04049882 -0.03026151  0.16173124] left_ee=[0.0401227  0.04011161] right_arm=[ 0.10385892  0.9509751   0.6970606  -0.23853415 -0.19865556 -0.6862521 ] right_ee=[0.01273826 0.01287817]
