step=1 env=0 left_arm=[ 0.02804313 -0.07165275 -0.03631782  0.03424557 -0.00913142  0.01600987] left_ee=[0.04398925 0.04396812] right_arm=[-0.00503501 -0.00653597  0.00891421  0.06261072 -0.01695532  0.01871893] right_ee=[0.04320558 0.04320043]
step=2 env=0 left_arm=[ 0.03024235 -0.08003204 -0.03626617  0.03925625 -0.0107917   0.01686214] left_ee=[0.04399503 0.04395386] right_arm=[-0.00882789  0.00373664  0.01490677  0.06700762 -0.02185798  0.01977117] right_ee=[0.04273154 0.04271429]
step=3 env=0 left_arm=[ 0.02909987 -0.07935613 -0.03627422  0.04054117 -0.01032886  0.01286318] left_ee=[0.04399838 0.04397706] right_arm=[-0.01419166  0.0309055   0.03279249  0.06078788 -0.02696093  0.01738403] right_ee=[0.04244789 0.04243932]
step=4 env=0 left_arm=[ 0.02294277 -0.08684015 -0.03620933  0.03991231 -0.0128356   0.01000196] left_ee=[0.04399551 0.04398951] right_arm=[-0.02488439  0.09742219  0.06997242  0.03853707 -0.03926074  0.01435339] right_ee=[0.04230528 0.04229886]
step=5 env=0 left_arm=[ 0.02361966 -0.08842502 -0.03621299  0.04127366 -0.01439805  0.00514201] left_ee=[0.04399213 0.04399816] right_arm=[-0.03328913  0.17201233  0.13167927  0.00707305 -0.05246766  0.00839866] right_ee=[0.04220909 0.04221134]
step=6 env=0 left_arm=[ 0.01949198 -0.08350954 -0.03628234  0.04076354 -0.014259    0.00263679] left_ee=[0.04399582 0.04399389] right_arm=[-0.04517525  0.2681162   0.19191217 -0.0287766  -0.06691793  0.00192882] right_ee=[0.04215167 0.04214382]
step=7 env=0 left_arm=[ 0.01848204 -0.0778461  -0.03632462  0.04104428 -0.01480569 -0.00227275] left_ee=[0.04399401 0.04399905] right_arm=[-0.05683219  0.39141318  0.28957242 -0.09083171 -0.08588171 -0.00774202] right_ee=[0.04217278 0.04216944]
step=8 env=0 left_arm=[ 0.01579648 -0.07493278 -0.03628645  0.03625088 -0.01280219 -0.00189243] left_ee=[0.04399618 0.0439972 ] right_arm=[-0.06024851  0.48493034  0.35297328 -0.1341697  -0.09768424 -0.01395745] right_ee=[0.04221647 0.04222289]
step=9 env=0 left_arm=[ 0.01917751 -0.06586703 -0.03638878  0.03099502 -0.01008996 -0.00301813] left_ee=[0.04399274 0.04399823] right_arm=[-0.06505026  0.53539366  0.40620348 -0.15585153 -0.10104971 -0.0190989 ] right_ee=[0.04217462 0.04217181]
step=10 env=0 left_arm=[ 0.01964329 -0.05387133 -0.03474008  0.0353267  -0.01236156 -0.01139288] left_ee=[0.04399706 0.04399715] right_arm=[-0.0833099   0.6891245   0.51741606 -0.23298731 -0.12233802 -0.03533093] right_ee=[0.04247931 0.04245149]
step=11 env=0 left_arm=[ 0.01957489 -0.04803492 -0.03047409  0.0305384  -0.00955069 -0.00999671] left_ee=[0.04399826 0.04399582] right_arm=[-0.0870308   0.75957245  0.56461763 -0.26397485 -0.12612423 -0.03917455] right_ee=[0.04252139 0.04254368]
step=12 env=0 left_arm=[ 0.01829462 -0.04299393 -0.0281654   0.0285907  -0.01042743 -0.01119008] left_ee=[0.04399783 0.04399918] right_arm=[-0.09683076  0.8677834   0.654691   -0.3144848  -0.14340723 -0.0522785 ] right_ee=[0.04274068 0.04273715]
step=13 env=0 left_arm=[ 0.01704924 -0.04569446 -0.02649939  0.03031966 -0.00992821 -0.00742445] left_ee=[0.04399851 0.04399904] right_arm=[-0.09583802  0.8949511   0.6761682  -0.3320576  -0.1468553  -0.05301783] right_ee=[0.04279925 0.04283076]
step=14 env=0 left_arm=[ 0.01958566 -0.04058573 -0.01939303  0.02618284 -0.00944501 -0.0124801 ] left_ee=[0.04399648 0.04399784] right_arm=[-0.10372334  0.9945886   0.76157606 -0.3849519  -0.15534449 -0.06323464] right_ee=[0.04312986 0.04310413]
step=15 env=0 left_arm=[ 0.0174033  -0.03411158 -0.02042484  0.02882582 -0.00718301 -0.01393754] left_ee=[0.04399652 0.04399478] right_arm=[-0.12036907  1.1234319   0.855254   -0.451889   -0.17041683 -0.07327491] right_ee=[0.04342093 0.04338603]
step=16 env=0 left_arm=[ 0.01724805 -0.03914401 -0.02139423  0.02647168 -0.00693662 -0.01072302] left_ee=[0.04399478 0.04399927] right_arm=[-0.11911868  1.1273414   0.8652096  -0.45531234 -0.17294611 -0.07380108] right_ee=[0.04350642 0.04358157]
step=17 env=0 left_arm=[ 0.0202255  -0.03872254 -0.01620536  0.0224933  -0.00529429 -0.0119435 ] left_ee=[0.0439955  0.04399812] right_arm=[-0.12171149  1.1875497   0.919144   -0.4867642  -0.17638282 -0.07927379] right_ee=[0.04368323 0.04368097]
step=18 env=0 left_arm=[ 0.01527949 -0.02457777 -0.02179161  0.02549738 -0.00519216 -0.01219845] left_ee=[0.0439952  0.04399414] right_arm=[-0.12890118  1.2306718   0.9434478  -0.50739956 -0.1828591  -0.08272282] right_ee=[0.04381193 0.04380695]
step=19 env=0 left_arm=[ 0.01694454 -0.0185586  -0.01495751  0.02399172 -0.00457427 -0.01471342] left_ee=[0.04399187 0.04399821] right_arm=[-0.14385305  1.3468529   1.0414939  -0.56633157 -0.19599105 -0.09817541] right_ee=[0.04391821 0.0438601 ]
step=20 env=0 left_arm=[ 0.01833773 -0.02050305 -0.01379186  0.02310341 -0.00433749 -0.01336657] left_ee=[0.04399564 0.0439972 ] right_arm=[-0.14054962  1.3331777   1.0410907  -0.5584502  -0.19842485 -0.09884866] right_ee=[0.04389038 0.04397662]
step=21 env=0 left_arm=[ 0.01742179 -0.01734998 -0.01420791  0.02328099 -0.00405768 -0.01489333] left_ee=[0.04399881 0.0439964 ] right_arm=[-0.15388367  1.4178658   1.09463    -0.60101134 -0.2050953  -0.10625156] right_ee=[0.04396755 0.04391935]
step=22 env=0 left_arm=[ 0.01832872 -0.0136778  -0.01540317  0.02273233 -0.00489477 -0.01590972] left_ee=[0.04399744 0.04399857] right_arm=[-0.15697187  1.4644169   1.1270429  -0.62181175 -0.21193714 -0.11048801] right_ee=[0.04394995 0.04398306]
step=23 env=0 left_arm=[ 0.01990766 -0.01645657 -0.01660274  0.02079347 -0.00518904 -0.01559348] left_ee=[0.04399896 0.0439983 ] right_arm=[-0.15823689  1.503373    1.1753103  -0.6441173  -0.21828443 -0.1181024 ] right_ee=[0.04396383 0.04399041]
step=24 env=0 left_arm=[ 0.01973211 -0.02049995 -0.01855556  0.01656462 -0.00471742 -0.01342879] left_ee=[0.0439994  0.04399731] right_arm=[-0.15805589  1.5051653   1.1791031  -0.6451791  -0.2209578  -0.11783352] right_ee=[0.04396821 0.04399301]
step=25 env=0 left_arm=[ 0.01823404 -0.01382824 -0.02313848  0.02035132 -0.00643228 -0.01368626] left_ee=[0.04399952 0.04399899] right_arm=[-0.16182575  1.5522795   1.2092332  -0.6663121  -0.22625782 -0.12098718] right_ee=[0.04398841 0.04396898]
step=26 env=0 left_arm=[ 0.01801213 -0.01783525 -0.02016636  0.02065554 -0.00556683 -0.01476543] left_ee=[0.04399912 0.04399934] right_arm=[-0.1720067   1.6046441   1.2538438  -0.694133   -0.23528346 -0.12925911] right_ee=[0.04398331 0.04397135]
step=27 env=0 left_arm=[ 0.02056999 -0.01956773 -0.02141644  0.01914338 -0.00552014 -0.01422901] left_ee=[0.04399708 0.04399753] right_arm=[-0.16802384  1.6081148   1.25804    -0.6998697  -0.23556377 -0.12553278] right_ee=[0.04394577 0.04398183]
step=28 env=0 left_arm=[ 0.0169989  -0.02277932 -0.01677464  0.02129541 -0.00490763 -0.01425926] left_ee=[0.04399595 0.04399374] right_arm=[-0.17871945  1.6644601   1.2983671  -0.71848816 -0.24670212 -0.1352997 ] right_ee=[0.04374602 0.04365824]
step=29 env=0 left_arm=[ 0.01902454 -0.02325475 -0.0167794   0.01921767 -0.00488338 -0.01590177] left_ee=[0.04399231 0.04399782] right_arm=[-0.17805652  1.6733656   1.3117435  -0.72735345 -0.2460238  -0.13897987] right_ee=[0.04354193 0.04359308]
step=30 env=0 left_arm=[ 0.01957531 -0.02465644 -0.02027832  0.01863631 -0.00531754 -0.01541125] left_ee=[0.04399688 0.04399621] right_arm=[-0.17820854  1.6759007   1.3148285  -0.7309447  -0.2530116  -0.13859001] right_ee=[0.04339816 0.0434213 ]
step=31 env=0 left_arm=[ 0.01845326 -0.02961376 -0.01681574  0.01823994 -0.0039702  -0.01416581] left_ee=[0.04399799 0.04399584] right_arm=[-0.18110871  1.7084537   1.3364834  -0.73938227 -0.25655204 -0.14400472] right_ee=[0.04289022 0.04285168]
step=32 env=0 left_arm=[ 0.01743882 -0.02357522 -0.01842536  0.02028254 -0.00485141 -0.01364717] left_ee=[0.04399696 0.04399972] right_arm=[-0.18952894  1.7421863   1.3520554  -0.7496222  -0.26104772 -0.15267962] right_ee=[0.04226924 0.04222132]
step=33 env=0 left_arm=[ 0.01926942 -0.0264421  -0.01903056  0.01776889 -0.00355978 -0.01351005] left_ee=[0.04399708 0.04399898] right_arm=[-0.1859364   1.7614455   1.3784566  -0.76545185 -0.26474676 -0.15232511] right_ee=[0.04163992 0.04170364]
step=34 env=0 left_arm=[ 0.01991081 -0.02876108 -0.01517984  0.01839637 -0.00353638 -0.01367695] left_ee=[0.04399922 0.04399813] right_arm=[-0.18940409  1.7688988   1.3796654  -0.7675423  -0.26814198 -0.15435219] right_ee=[0.04090314 0.04089027]
step=35 env=0 left_arm=[ 0.01941539 -0.02625248 -0.0123136   0.01893989 -0.0020694  -0.0125395 ] left_ee=[0.04399861 0.04399798] right_arm=[-0.193559    1.7937372   1.4009448  -0.777553   -0.2706363  -0.15883315] right_ee=[0.03996612 0.03993991]
step=36 env=0 left_arm=[ 0.02158032 -0.03092016 -0.01269528  0.01547534 -0.00249161 -0.01199685] left_ee=[0.04399648 0.04399767] right_arm=[-0.19512779  1.8033566   1.4155058  -0.7822412  -0.27905783 -0.16680628] right_ee=[0.03879929 0.03882418]
step=37 env=0 left_arm=[ 0.01975415 -0.02418246 -0.01243483  0.01685125 -0.00269219 -0.01137787] left_ee=[0.04399833 0.04399522] right_arm=[-0.19778071  1.8292603   1.4277872  -0.7917751  -0.2807641  -0.16863047] right_ee=[0.03783613 0.03780555]
step=38 env=0 left_arm=[ 0.02088459 -0.02559611 -0.00957945  0.01637025 -0.00129987 -0.0112385 ] left_ee=[0.04399716 0.04399943] right_arm=[-0.19645405  1.8268799   1.4339405  -0.793279   -0.28226382 -0.17096265] right_ee=[0.03656829 0.03661903]
step=39 env=0 left_arm=[ 2.0163191e-02 -2.5364455e-02 -7.9862475e-03  1.5725031e-02
  8.9624846e-05 -1.0849841e-02] left_ee=[0.04399845 0.04399826] right_arm=[-0.19534819  1.8396242   1.4426531  -0.80243224 -0.2822834  -0.166985  ] right_ee=[0.03558152 0.03557569]
step=40 env=0 left_arm=[ 0.02088692 -0.0228696  -0.00994954  0.01476271 -0.00130088 -0.00994843] left_ee=[0.04399666 0.04399846] right_arm=[-0.19753923  1.849619    1.4482713  -0.80623144 -0.2884391  -0.17224382] right_ee=[0.03468947 0.03467686]
step=41 env=0 left_arm=[ 0.0211721  -0.02040659 -0.01045843  0.01517193  0.00019632 -0.00887367] left_ee=[0.04399916 0.04399704] right_arm=[-0.19740756  1.8623266   1.4640441  -0.81207114 -0.29445982 -0.17659439] right_ee=[0.03314656 0.03315281]
step=42 env=0 left_arm=[ 0.01989277 -0.01873764 -0.01051385  0.01271136  0.0005165  -0.00707475] left_ee=[0.04399858 0.0439985 ] right_arm=[-0.19463389  1.8815758   1.4824615  -0.82671267 -0.29624364 -0.1757005 ] right_ee=[0.03138152 0.03138619]
step=43 env=0 left_arm=[ 0.01963519 -0.0161285  -0.0090737   0.01128995 -0.00014842 -0.00625948] left_ee=[0.04399775 0.04399953] right_arm=[-0.19460347  1.8727182   1.4750401  -0.81973624 -0.2951804  -0.17978914] right_ee=[0.03004646 0.03006018]
step=44 env=0 left_arm=[ 0.02044945 -0.01543313 -0.0124241   0.01128176 -0.00044105 -0.00653046] left_ee=[0.04399821 0.04399902] right_arm=[-0.19759442  1.8891469   1.4866776  -0.8314305  -0.30167156 -0.18281683] right_ee=[0.02896488 0.02892825]
step=45 env=0 left_arm=[ 0.01986164 -0.01385404 -0.01234674  0.01347836 -0.00010549 -0.00615869] left_ee=[0.04399919 0.04399785] right_arm=[-0.19726981  1.9007568   1.4992292  -0.8425185  -0.30620813 -0.18503022] right_ee=[0.02747634 0.02748698]
step=46 env=0 left_arm=[ 0.01963499 -0.01514639 -0.01181214  0.01559866  0.00011869 -0.00536388] left_ee=[0.04399899 0.04399953] right_arm=[-0.19641654  1.9049025   1.5025783  -0.8493736  -0.30935872 -0.18562914] right_ee=[0.02611654 0.0261253 ]
step=47 env=0 left_arm=[ 0.01995825 -0.0140539  -0.01329393  0.01443907 -0.00084785 -0.00457983] left_ee=[0.04399855 0.04399912] right_arm=[-0.19572957  1.9052231   1.5035311  -0.85527295 -0.31149432 -0.18696463] right_ee=[0.0249633  0.02496812]
step=48 env=0 left_arm=[ 0.02051084 -0.01371439 -0.01423046  0.01429614 -0.00057345 -0.00434194] left_ee=[0.04399972 0.04399876] right_arm=[-0.19656695  1.9059814   1.5033774  -0.8566364  -0.31483236 -0.18965591] right_ee=[0.02394069 0.02393028]
step=49 env=0 left_arm=[ 0.0199565  -0.01263724 -0.01373287  0.01629768 -0.00056477 -0.00432356] left_ee=[0.04399944 0.04399876] right_arm=[-0.19372727  1.9104525   1.5059478  -0.85925686 -0.31627637 -0.18853967] right_ee=[0.0229074  0.02291763]
step=50 env=0 left_arm=[ 0.02057488 -0.01179354 -0.01433323  0.0163173  -0.00065458 -0.00344187] left_ee=[0.04399871 0.04399936] right_arm=[-0.19575313  1.91217     1.5085434  -0.86214346 -0.31761378 -0.19201623] right_ee=[0.02213814 0.02211831]
step=51 env=0 left_arm=[ 0.00936039 -0.03047891 -0.02720515  0.01506007  0.0028737   0.00289224] left_ee=[0.043987   0.04399299] right_arm=[-0.2406803   2.081634    1.6546535  -0.8954625  -0.3376419  -0.17875682] right_ee=[0.02149447 0.02086476]
step=52 env=0 left_arm=[ 0.00795917 -0.0329666  -0.02793818  0.01530593  0.00321491  0.00349455] left_ee=[0.04398018 0.04399706] right_arm=[-0.24516977  2.1301117   1.6659788  -0.8996994  -0.34117046 -0.17793483] right_ee=[0.02054818 0.02075015]
step=53 env=0 left_arm=[ 0.0077091  -0.03309376 -0.02716419  0.01629574  0.00319336  0.00354625] left_ee=[0.04398685 0.04399632] right_arm=[-0.24511419  2.1357005   1.6645014  -0.90021175 -0.3415804  -0.17740852] right_ee=[0.02003176 0.02018499]
step=54 env=0 left_arm=[ 0.00587877 -0.03315571 -0.0277571   0.0172004   0.00349623  0.00389442] left_ee=[0.04399316 0.0439951 ] right_arm=[-0.24600478  2.139957    1.6611453  -0.89869964 -0.34225407 -0.1793538 ] right_ee=[0.01935208 0.01939439]
step=55 env=0 left_arm=[ 0.00573551 -0.03361006 -0.02684741  0.01694381  0.00338335  0.00307907] left_ee=[0.04399402 0.0439986 ] right_arm=[-0.24254842  2.1336932   1.6574461  -0.8973764  -0.34331483 -0.17906833] right_ee=[0.01886803 0.01894469]
step=56 env=0 left_arm=[ 0.00453979 -0.03460143 -0.02771458  0.01756368  0.00371648  0.00345471] left_ee=[0.04399719 0.04399759] right_arm=[-0.24245057  2.1306872   1.6497874  -0.89421314 -0.34384045 -0.18150695] right_ee=[0.01833706 0.01832621]
step=57 env=0 left_arm=[ 0.0035289  -0.03428369 -0.02433163  0.01843688  0.0040215   0.00219938] left_ee=[0.04399757 0.04399928] right_arm=[-0.2417545   2.1292233   1.6503098  -0.8966211  -0.34513572 -0.18336898] right_ee=[0.01738035 0.01739044]
step=58 env=0 left_arm=[ 0.003113   -0.03392938 -0.0234554   0.01814135  0.00486166  0.00220336] left_ee=[0.04399785 0.04399959] right_arm=[-0.23779292  2.1232767   1.64824    -0.8964136  -0.34381893 -0.18239355] right_ee=[0.01642509 0.01645875]
step=59 env=0 left_arm=[ 0.00291639 -0.03409401 -0.02049939  0.01765304  0.00490155  0.00212378] left_ee=[0.04399795 0.04399963] right_arm=[-0.23901129  2.1172435   1.6457654  -0.8931213  -0.34650108 -0.18575425] right_ee=[0.01548783 0.01546868]
step=60 env=0 left_arm=[ 0.00205643 -0.03364784 -0.02031687  0.01855644  0.00557849  0.00237925] left_ee=[0.04399875 0.04399903] right_arm=[-0.23625794  2.1146352   1.6409882  -0.892793   -0.3449758  -0.18619189] right_ee=[0.01468074 0.01468953]
