step=1 env=0 left_arm=[-0.0195257  -0.088887   -0.03613421  0.01582769 -0.0229594  -0.05957148] left_ee=[0.04398646 0.044     ] right_arm=[ 0.02563602 -0.07754973  0.01186129 -0.01165421  0.00706736  0.0355866 ] right_ee=[0.04330461 0.04330321]
step=2 env=0 left_arm=[-0.02364386 -0.10116393 -0.0360376   0.01967348 -0.02892153 -0.05928499] left_ee=[0.04398044 0.04399388] right_arm=[ 0.03325924 -0.07558362  0.01827686 -0.01339197  0.01111485  0.0388527 ] right_ee=[0.04303279 0.04299135]
step=3 env=0 left_arm=[-0.02449653 -0.10088162 -0.03612791  0.01833645 -0.03048738 -0.05499458] left_ee=[0.04398704 0.04399516] right_arm=[ 0.03730728 -0.06135498  0.03235947 -0.02005807  0.01447329  0.03314284] right_ee=[0.04301501 0.04299207]
step=4 env=0 left_arm=[-0.02599629 -0.09510024 -0.03618077  0.01500344 -0.03309818 -0.04366359] left_ee=[0.0439926  0.04399628] right_arm=[ 0.04999408 -0.01534901  0.06461778 -0.03593351  0.01855618  0.01556799] right_ee=[0.04328606 0.04328384]
step=5 env=0 left_arm=[-0.02989047 -0.07528681 -0.03627318  0.01306881 -0.0308011  -0.03222462] left_ee=[0.04399529 0.04399613] right_arm=[ 0.07439874  0.07819382  0.13358103 -0.08900785  0.02186023 -0.02139278] right_ee=[0.0435868  0.04357999]
step=6 env=0 left_arm=[-0.02925212 -0.06813534 -0.03633303  0.00878093 -0.02974199 -0.02534844] left_ee=[0.04399239 0.04399927] right_arm=[ 0.09707436  0.14420894  0.19726926 -0.13281302  0.03257058 -0.05227603] right_ee=[0.04377681 0.04374269]
step=7 env=0 left_arm=[-0.03167162 -0.05657224 -0.03022153  0.00745602 -0.02761566 -0.00701804] left_ee=[0.04399674 0.04399759] right_arm=[ 0.13672839  0.2966501   0.32384866 -0.21839254  0.03813982 -0.12064248] right_ee=[0.04391069 0.04387846]
step=8 env=0 left_arm=[-0.02974842 -0.05661518 -0.0364125  -0.00490024 -0.03050841 -0.00052207] left_ee=[0.04399245 0.04399682] right_arm=[ 0.1858735   0.46963704  0.46903774 -0.3161991   0.05824754 -0.1981292 ] right_ee=[0.044      0.04396216]
step=9 env=0 left_arm=[-0.03802952 -0.03079816 -0.01849968 -0.00265543 -0.03274535 -0.00318708] left_ee=[0.04399301 0.04399018] right_arm=[ 0.23196825  0.6185599   0.60378635 -0.403833    0.04827577 -0.2721102 ] right_ee=[0.044      0.04397363]
step=10 env=0 left_arm=[-0.03788964 -0.03317329 -0.03374506  0.00048073 -0.03503322  0.00024176] left_ee=[0.04398809 0.04399765] right_arm=[ 0.27329117  0.76769936  0.73677355 -0.48394874  0.0693423  -0.35206288] right_ee=[0.044 0.044]
step=11 env=0 left_arm=[-0.0415272  -0.01703582 -0.01512278 -0.00731595 -0.02952004  0.02056424] left_ee=[0.04399399 0.04399395] right_arm=[ 0.3465382   0.954867    0.91939247 -0.6475129   0.08311944 -0.48264992] right_ee=[0.044      0.04389117]
step=12 env=0 left_arm=[-0.04686357  0.00324994 -0.01269744  0.00094554 -0.03399396  0.02690545] left_ee=[0.04399285 0.04399823] right_arm=[ 0.4065424   1.1463025   1.1029516  -0.77494526  0.08907269 -0.6005433 ] right_ee=[0.044      0.04389881]
step=13 env=0 left_arm=[-0.04598758  0.0115663  -0.01088239  0.00334237 -0.02803023  0.01891803] left_ee=[0.04399425 0.04399947] right_arm=[ 0.44324487  1.3323295   1.2686863  -0.864083    0.10159039 -0.69095975] right_ee=[0.04399771 0.044     ]
step=14 env=0 left_arm=[-0.04653736  0.01009217  0.00656894  0.00500699 -0.02406438  0.01424927] left_ee=[0.04399362 0.044     ] right_arm=[ 0.503642    1.5161519   1.4141312  -0.97056794  0.10925084 -0.75193715] right_ee=[0.044 0.044]
step=15 env=0 left_arm=[-0.04943094  0.02214929 -0.00198957 -0.00093339 -0.02018623  0.01177416] left_ee=[0.04399439 0.04399701] right_arm=[ 0.53406525  1.6955949   1.5284935  -1.0415794   0.10303695 -0.84111524] right_ee=[0.044 0.044]
step=16 env=0 left_arm=[-0.05133513  0.02940053 -0.01088248 -0.00661226 -0.02000533  0.00669295] left_ee=[0.043993   0.04399846] right_arm=[ 0.5537065   1.8106375   1.5882039  -1.0661827   0.10345107 -0.8668304 ] right_ee=[0.04389661 0.044     ]
step=17 env=0 left_arm=[-0.05288167  0.02884721  0.00534557 -0.01232733 -0.01565906  0.00561302] left_ee=[0.04399517 0.04399908] right_arm=[ 0.58686894  1.8942314   1.6669513  -1.1012155   0.09846029 -0.88927764] right_ee=[0.04391865 0.044     ]
step=18 env=0 left_arm=[-0.05262244  0.03315978 -0.00143805 -0.00922985 -0.01298119 -0.00850518] left_ee=[0.0439955  0.04399915] right_arm=[ 0.63101     2.0029538   1.743298   -1.1556034   0.09538027 -0.9353241 ] right_ee=[0.04388869 0.044     ]
step=19 env=0 left_arm=[-5.1918421e-02  4.9638301e-02 -6.8138230e-05 -7.5006541e-03
 -6.0252519e-03 -6.9362577e-03] left_ee=[0.04399658 0.04399871] right_arm=[ 0.6194555  1.9998863  1.7447726 -1.146735   0.0993558 -0.9355592] right_ee=[0.04393658 0.0438662 ]
step=20 env=0 left_arm=[-0.04750292  0.02704023 -0.00547395 -0.00483907 -0.00508858 -0.02014008] left_ee=[0.04399243 0.04399646] right_arm=[ 0.6665846   2.0867937   1.835714   -1.2248428   0.10601357 -0.98517406] right_ee=[0.04385674 0.044     ]
step=21 env=0 left_arm=[-0.0469341   0.02582452 -0.00290902 -0.01236735 -0.00382027 -0.02046912] left_ee=[0.04399827 0.04399345] right_arm=[ 0.6908077   2.1513562   1.8627702  -1.2332714   0.10035656 -0.9881955 ] right_ee=[0.04382471 0.04389801]
step=22 env=0 left_arm=[-0.04898838  0.02506966 -0.01240043 -0.01545128  0.00021037 -0.02029888] left_ee=[0.04399585 0.04399589] right_arm=[ 0.7155384  2.224092   1.920138  -1.2486427  0.0982915 -1.0215266] right_ee=[0.04235773 0.04242935]
step=23 env=0 left_arm=[-0.04669755  0.02482433 -0.01723382 -0.01562294 -0.00034628 -0.02285316] left_ee=[0.04399209 0.04399731] right_arm=[ 0.72191554  2.2684488   1.9448282  -1.2631327   0.1053682  -1.0377717 ] right_ee=[0.04005835 0.0401047 ]
step=24 env=0 left_arm=[-0.04437049  0.03147787 -0.02192215 -0.00563953  0.00333193 -0.02624227] left_ee=[0.04399755 0.04399528] right_arm=[ 0.7382252  2.287445   1.9782271 -1.2884467  0.1111404 -1.0607711] right_ee=[0.03658345 0.03663331]
step=25 env=0 left_arm=[-0.04061299  0.01379018 -0.02688589 -0.00451493  0.0032152  -0.0266812 ] left_ee=[0.04399695 0.04399642] right_arm=[ 0.7547643   2.354862    2.0157354  -1.3162951   0.10846896 -1.0810018 ] right_ee=[0.0317191  0.03187794]
step=26 env=0 left_arm=[-0.03814637  0.01881961 -0.0195827  -0.00075658  0.00502374 -0.02744208] left_ee=[0.04399959 0.04399483] right_arm=[ 0.76685286  2.3378808   2.0059652  -1.3139337   0.11402955 -1.0675886 ] right_ee=[0.02707052 0.02713137]
step=27 env=0 left_arm=[-0.04300372  0.02992447 -0.02377526 -0.00605321  0.0077793  -0.02357265] left_ee=[0.04399397 0.04399497] right_arm=[ 0.7617422   2.3565032   2.0085306  -1.3038291   0.10523692 -1.0836735 ] right_ee=[0.02239971 0.02242494]
step=28 env=0 left_arm=[-0.04022091  0.02012383 -0.02667925 -0.0110612   0.0079774  -0.0215082 ] left_ee=[0.04398921 0.04399743] right_arm=[ 0.7641753   2.376066    2.0316358  -1.3152966   0.10936629 -1.0811609 ] right_ee=[0.01935902 0.01976622]
step=29 env=0 left_arm=[-0.0408609   0.02306281 -0.03005883 -0.00567282  0.00788426 -0.02287876] left_ee=[0.04399658 0.04399408] right_arm=[ 0.77187485  2.375676    2.037128   -1.3258147   0.11826055 -1.0926857 ] right_ee=[0.01628377 0.0165061 ]
step=30 env=0 left_arm=[-0.04280668  0.02456088 -0.03166597 -0.01004537  0.00584429 -0.01968062] left_ee=[0.04399787 0.04399712] right_arm=[ 0.76455647  2.373141    2.0278523  -1.32018     0.11666583 -1.0857493 ] right_ee=[0.01365692 0.01370129]
step=31 env=0 left_arm=[-0.04020392  0.0198187  -0.03270847 -0.00021913  0.00827599 -0.02849549] left_ee=[0.04399747 0.04399911] right_arm=[ 0.76748365  2.3732889   2.0307038  -1.3370028   0.12073892 -1.0875106 ] right_ee=[0.01109148 0.0111459 ]
step=32 env=0 left_arm=[-0.04186357  0.01875772 -0.02823002 -0.00471216  0.0081359  -0.02110875] left_ee=[0.04399851 0.04399719] right_arm=[ 0.76288605  2.3792062   2.0406291  -1.3388704   0.12075635 -1.0949848 ] right_ee=[0.00922302 0.00918635]
step=33 env=0 left_arm=[-0.04212967  0.02243618 -0.02449737 -0.00565833  0.00819043 -0.0226703 ] left_ee=[0.04399779 0.04399955] right_arm=[ 0.76580375  2.3722937   2.0233512  -1.3124738   0.11265018 -1.0748577 ] right_ee=[0.007798   0.00834653]
step=34 env=0 left_arm=[-0.03991523  0.02036001 -0.02929264 -0.00238911  0.01277465 -0.02075039] left_ee=[0.04399785 0.044     ] right_arm=[ 0.76894736  2.3808587   2.0521634  -1.3524106   0.13540192 -1.1068648 ] right_ee=[0.00516133 0.00537809]
step=35 env=0 left_arm=[-0.03813113  0.01183825 -0.02462202  0.00092985  0.00997826 -0.02663364] left_ee=[0.04399731 0.04399705] right_arm=[ 0.7790364   2.4114852   2.0884883  -1.3799341   0.12735963 -1.1140829 ] right_ee=[0.00388967 0.00402179]
step=36 env=0 left_arm=[-0.03615608  0.00399728 -0.02658782 -0.00036719  0.00969118 -0.02830327] left_ee=[0.04399912 0.04399689] right_arm=[ 0.7810945   2.4050074   2.0805595  -1.3752819   0.12633656 -1.1152894 ] right_ee=[0.0026722  0.00282956]
step=37 env=0 left_arm=[-0.03565483 -0.00345316 -0.03656892 -0.00162093  0.01010954 -0.02949495] left_ee=[0.04388281 0.0438799 ] right_arm=[ 0.78478736  2.4164505   2.1039064  -1.397876    0.1377039  -1.1420248 ] right_ee=[0.00136373 0.00141758]
step=38 env=0 left_arm=[-0.03893931  0.01503554 -0.0288735   0.00432275  0.01249983 -0.02782586] left_ee=[0.0439328  0.04392415] right_arm=[ 0.78435135  2.4164584   2.1150937  -1.410222    0.14110811 -1.1362536 ] right_ee=[0. 0.]
step=39 env=0 left_arm=[-0.04035235  0.01534342 -0.02880598 -0.00257402  0.01183309 -0.02483065] left_ee=[0.04395578 0.04396125] right_arm=[ 0.7757163   2.4178069   2.1217048  -1.4242331   0.14391428 -1.1350106 ] right_ee=[0. 0.]
step=40 env=0 left_arm=[-0.03504942 -0.0026188  -0.03463383 -0.00443895  0.00841501 -0.02595899] left_ee=[0.04388822 0.04389982] right_arm=[ 0.7801752   2.4174006   2.1260626  -1.4333105   0.14528218 -1.1469539 ] right_ee=[0. 0.]
step=41 env=0 left_arm=[-0.03610061  0.00660455 -0.0314287  -0.00829761  0.00860282 -0.02030445] left_ee=[0.04394039 0.04392987] right_arm=[ 0.78013474  2.4175658   2.126871   -1.4277241   0.15021032 -1.1274534 ] right_ee=[0. 0.]
step=42 env=0 left_arm=[-0.03720621  0.00889944 -0.02986006 -0.0028796   0.01204856 -0.02436217] left_ee=[0.04396554 0.04396035] right_arm=[ 0.78169125  2.4250214   2.1552544  -1.4592706   0.14567998 -1.1387116 ] right_ee=[0. 0.]
step=43 env=0 left_arm=[-0.0338441   0.00148144 -0.02524589 -0.00188207  0.00778206 -0.03750397] left_ee=[0.04397421 0.0439845 ] right_arm=[ 0.7819801   2.4255574   2.171927   -1.4889787   0.14313172 -1.1459272 ] right_ee=[0. 0.]
step=44 env=0 left_arm=[-0.03317758  0.00491743 -0.01973479  0.00305898  0.00465379 -0.03403746] left_ee=[0.04398922 0.04398436] right_arm=[ 0.7831967   2.4251206   2.2000341  -1.5292577   0.15758759 -1.1391275 ] right_ee=[0. 0.]
step=45 env=0 left_arm=[-0.03099089  0.00928593 -0.00942121  0.00025133  0.00306152 -0.03822579] left_ee=[0.04399481 0.04399096] right_arm=[ 0.7855869   2.4168396   2.1959715  -1.5183854   0.15174456 -1.1194233 ] right_ee=[0. 0.]
step=46 env=0 left_arm=[-0.03171803  0.00242826 -0.0132843  -0.00453736  0.00081806 -0.03603966] left_ee=[0.0439986  0.04399375] right_arm=[ 0.77674603  2.4163585   2.198388   -1.5300416   0.15008204 -1.1402198 ] right_ee=[0. 0.]
step=47 env=0 left_arm=[-0.03349487 -0.00051411 -0.01509407 -0.0069407  -0.00359092 -0.04064716] left_ee=[0.04399995 0.04399678] right_arm=[ 0.7744128   2.4044116   2.2186844  -1.5708588   0.14603935 -1.1494715 ] right_ee=[0. 0.]
step=48 env=0 left_arm=[-0.03236898  0.00283462 -0.01252021 -0.01528358 -0.00276168 -0.03868129] left_ee=[0.04399982 0.04399841] right_arm=[ 0.77933365  2.4090185   2.2194362  -1.560904    0.14330508 -1.1444497 ] right_ee=[0. 0.]
step=49 env=0 left_arm=[-0.03027099 -0.0038571  -0.0080026  -0.01926753 -0.00826443 -0.03945957] left_ee=[0.0439991  0.04399509] right_arm=[ 0.76913756  2.3901813   2.1993093  -1.5493045   0.13072117 -1.131268  ] right_ee=[0. 0.]
step=50 env=0 left_arm=[-0.03017939 -0.00757408 -0.01221123 -0.02867889 -0.0103932  -0.03754734] left_ee=[0.04396954 0.04396502] right_arm=[ 0.766881   2.3738534  2.1942618 -1.567223   0.1260025 -1.1311554] right_ee=[0. 0.]
step=51 env=0 left_arm=[-0.01108436 -0.01311452 -0.01310204  0.01057911  0.00714001 -0.00670884] left_ee=[0.04398637 0.04398157] right_arm=[ 0.8261715   2.3395402   2.1087322  -1.4864254   0.04019473 -0.93853325] right_ee=[5.795372e-06 0.000000e+00]
step=52 env=0 left_arm=[-0.01181642 -0.00575798 -0.01034432  0.01548734  0.00942285 -0.00509796] left_ee=[0.04399539 0.04398125] right_arm=[ 0.8214471   2.329066    2.094234   -1.4659514   0.00518621 -0.7945661 ] right_ee=[7.9600895e-06 1.0727399e-06]
step=53 env=0 left_arm=[-0.01690667  0.00370337  0.00431768  0.01949433  0.01240194  0.00212423] left_ee=[0.04399341 0.04399019] right_arm=[ 0.80751115  2.3154216   2.0742283  -1.4360421  -0.02784683 -0.7638697 ] right_ee=[1.1408441e-06 0.0000000e+00]
step=54 env=0 left_arm=[-0.01492806 -0.00014106  0.00139704  0.0214561   0.00929314  0.00560422] left_ee=[0.04398776 0.04399636] right_arm=[ 0.79177123  2.2876222   2.0397606  -1.3676169  -0.07341594 -0.7324401 ] right_ee=[1.8838302e-06 0.0000000e+00]
step=55 env=0 left_arm=[-0.01319819 -0.00539653 -0.01190626  0.03534544 -0.00260219  0.00933081] left_ee=[0.04399354 0.04399168] right_arm=[ 0.75573003  2.2472477   1.9367107  -1.206399   -0.17150359 -0.6774392 ] right_ee=[6.509535e-06 0.000000e+00]
step=56 env=0 left_arm=[-0.01371999  0.00467447 -0.01948709  0.04133951 -0.00252729  0.00374338] left_ee=[0.04399858 0.04398683] right_arm=[ 0.71278024  2.1912131   1.8317899  -1.0341507  -0.2655297  -0.6168308 ] right_ee=[6.8615586e-06 0.0000000e+00]
step=57 env=0 left_arm=[-0.01975419  0.01779017 -0.00403287  0.04040026  0.00571662  0.01029637] left_ee=[0.04398946 0.0439908 ] right_arm=[ 0.6899367   2.1837733   1.7905543  -0.96101445 -0.31281412 -0.5960928 ] right_ee=[6.9609047e-07 0.0000000e+00]
step=58 env=0 left_arm=[-0.01634713  0.00383365 -0.02049152  0.04225655  0.00231264 -0.00875768] left_ee=[0.04398298 0.04399462] right_arm=[ 0.6553983   2.1217034   1.6888818  -0.78021985 -0.42138138 -0.5137973 ] right_ee=[4.849986e-06 0.000000e+00]
step=59 env=0 left_arm=[-0.01824848  0.00641404 -0.01364993  0.04686302  0.00652936 -0.00714776] left_ee=[0.04399526 0.04398673] right_arm=[ 0.615876    2.0678523   1.5776997  -0.59410423 -0.5181155  -0.45805568] right_ee=[2.3593072e-06 0.0000000e+00]
step=60 env=0 left_arm=[-0.01198309  0.00280084 -0.01975632  0.04295113 -0.00158457 -0.01610149] left_ee=[0.04398843 0.04398914] right_arm=[ 0.5757189   2.0014803   1.4625318  -0.40676937 -0.6279723  -0.40327996] right_ee=[2.536049e-07 0.000000e+00]
step=61 env=0 left_arm=[-0.01141129 -0.00351175 -0.02029051  0.04838644 -0.0072612  -0.0164618 ] left_ee=[0.04399849 0.04398416] right_arm=[ 0.5441794   1.9576606   1.3659203  -0.2216247  -0.71044755 -0.35921627] right_ee=[0.0000000e+00 4.9177254e-07]
step=62 env=0 left_arm=[-0.00768695 -0.00818644 -0.02343495  0.04747429 -0.00677432 -0.01872962] left_ee=[0.0439993  0.04399208] right_arm=[ 0.5090318   1.9106548   1.2675774  -0.03862821 -0.80300844 -0.3169536 ] right_ee=[0.000000e+00 2.053588e-06]
step=63 env=0 left_arm=[-0.00349254 -0.00872594 -0.0235763   0.04271809 -0.01099122 -0.01869677] left_ee=[0.04399985 0.04399351] right_arm=[ 0.47768977  1.8534834   1.1806438   0.13208292 -0.87939817 -0.2763374 ] right_ee=[0.000000e+00 4.951979e-06]
step=64 env=0 left_arm=[-0.00067893 -0.01984167 -0.02459388  0.03680161 -0.01257222 -0.02153181] left_ee=[0.04399986 0.04399301] right_arm=[ 0.44870728  1.8048652   1.0895528   0.29704773 -0.956655   -0.22878414] right_ee=[0.000000e+00 2.369888e-06]
step=65 env=0 left_arm=[-0.00035723 -0.01436763 -0.01559024  0.03548029 -0.00917314 -0.0181669 ] left_ee=[0.04399818 0.04399258] right_arm=[ 0.43364188  1.7739657   1.0410109   0.37955204 -0.9943671  -0.2214705 ] right_ee=[0.000000e+00 7.320861e-07]
step=66 env=0 left_arm=[ 0.0003744  -0.01689017 -0.01715512  0.03353176 -0.00764889 -0.02562426] left_ee=[0.04399716 0.04399897] right_arm=[ 0.42711475  1.7657226   1.0184076   0.4296936  -1.0203012  -0.20600827] right_ee=[0. 0.]
step=67 env=0 left_arm=[ 0.00439002 -0.03143237 -0.02603884  0.03087637 -0.02549594 -0.02732592] left_ee=[0.04388346 0.04389021] right_arm=[ 0.39611375  1.717376    0.9333701   0.5716837  -1.0984272  -0.15985808] right_ee=[0.0000000e+00 1.5741563e-06]
step=68 env=0 left_arm=[ 0.00630757 -0.03815671 -0.02267399  0.02578913 -0.02983692 -0.02759792] left_ee=[0.04390768 0.04388525] right_arm=[ 0.39122412  1.6912464   0.908503    0.5982706  -1.1064562  -0.16001357] right_ee=[0. 0.]
step=69 env=0 left_arm=[ 0.00766263 -0.04386399 -0.03037457  0.02710129 -0.03140128 -0.02870493] left_ee=[0.04373633 0.04372254] right_arm=[ 0.38004622  1.6790062   0.8777842   0.6591088  -1.1388291  -0.14029236] right_ee=[0. 0.]
step=70 env=0 left_arm=[ 0.00736818 -0.03571671 -0.02439514  0.02337188 -0.02489335 -0.02658327] left_ee=[0.04359939 0.04358502] right_arm=[ 0.38197604  1.6734937   0.8718346   0.6753456  -1.1421827  -0.13118365] right_ee=[0. 0.]
step=71 env=0 left_arm=[ 0.00738621 -0.04242418 -0.02599134  0.02139863 -0.03264097 -0.02375132] left_ee=[0.04353884 0.04354505] right_arm=[ 0.37608466  1.6548324   0.8464303   0.70385474 -1.1572481  -0.12082373] right_ee=[0. 0.]
step=72 env=0 left_arm=[ 0.00310687 -0.02028763 -0.01841471  0.02354978 -0.0124089  -0.0186633 ] left_ee=[0.04346293 0.04344184] right_arm=[ 0.38088164  1.6631814   0.8507906   0.7144994  -1.1585134  -0.11507787] right_ee=[0. 0.]
step=73 env=0 left_arm=[ 0.00503542 -0.03039382 -0.02629821  0.01741632 -0.02084902 -0.02844465] left_ee=[0.04336257 0.04339233] right_arm=[ 0.3790782   1.6554277   0.84322757  0.7261403  -1.1704783  -0.10626037] right_ee=[0. 0.]
step=74 env=0 left_arm=[ 0.00509156 -0.02744374 -0.02052578  0.01494989 -0.01771996 -0.02408011] left_ee=[0.04325069 0.04324578] right_arm=[ 0.3773372   1.6444558   0.8295371   0.74276024 -1.1760571  -0.10536364] right_ee=[0. 0.]
step=75 env=0 left_arm=[ 0.00038967 -0.02337625 -0.01861103  0.0159664  -0.01503102 -0.02259954] left_ee=[0.0432    0.0431952] right_arm=[ 0.3796412  1.6297023  0.8202228  0.7485857 -1.1746792 -0.0919423] right_ee=[0. 0.]
step=76 env=0 left_arm=[ 0.00147758 -0.01538846 -0.01371711  0.01475825 -0.00725908 -0.01627182] left_ee=[0.04309062 0.04309836] right_arm=[ 0.38052556  1.6254765   0.8200722   0.7508493  -1.1684115  -0.0933742 ] right_ee=[0. 0.]
step=77 env=0 left_arm=[ 0.00033696 -0.00959013 -0.01100054  0.01063051 -0.00301441 -0.01400614] left_ee=[0.04304675 0.04305335] right_arm=[ 0.3763814   1.6162341   0.80747855  0.7670456  -1.1744086  -0.08138775] right_ee=[0. 0.]
step=78 env=0 left_arm=[-0.00189193  0.00090376 -0.00602575  0.00933699  0.0028611  -0.00886213] left_ee=[0.04302592 0.04303009] right_arm=[ 0.37718052  1.6108757   0.80129796  0.76833653 -1.1689893  -0.08278611] right_ee=[0. 0.]
step=79 env=0 left_arm=[-0.00514995  0.02230934  0.01148606  0.00809996  0.01511732  0.00149307] left_ee=[0.04287372 0.04287615] right_arm=[ 0.3828159   1.6125628   0.81100875  0.7630591  -1.1629314  -0.08852818] right_ee=[0. 0.]
step=80 env=0 left_arm=[-0.01807294  0.10001227  0.05369669  0.00347886  0.0768112   0.02951375] left_ee=[0.0428339  0.04281339] right_arm=[ 0.38135844  1.6083854   0.80749106  0.75691944 -1.1601195  -0.0847853 ] right_ee=[0. 0.]
step=81 env=0 left_arm=[-0.01909351  0.10859648  0.05510173  0.00223907  0.08230364  0.03692628] left_ee=[0.04270728 0.04278697] right_arm=[ 0.38072863  1.6050195   0.8058786   0.76436114 -1.1556047  -0.07947468] right_ee=[0. 0.]
step=82 env=0 left_arm=[-0.03796944  0.21274078  0.1270438  -0.00040011  0.15026799  0.07297871] left_ee=[0.042638   0.04262998] right_arm=[ 0.38494128  1.6010873   0.8122138   0.7591232  -1.151206   -0.081793  ] right_ee=[0. 0.]
step=83 env=0 left_arm=[-0.05701583  0.30512363  0.1873267  -0.00959898  0.22037372  0.11094224] left_ee=[0.0423918  0.04244033] right_arm=[ 0.38219672  1.6071695   0.81372124  0.7525942  -1.1511862  -0.08701071] right_ee=[0. 0.]
step=84 env=0 left_arm=[-0.0693126   0.36247128  0.22251558 -0.01859075  0.25606903  0.13191347] left_ee=[0.04237798 0.04246778] right_arm=[ 0.3835742   1.6001475   0.80274045  0.75178254 -1.1481507  -0.07891005] right_ee=[0. 0.]
step=85 env=0 left_arm=[-0.10603392  0.53919655  0.34422955 -0.01714346  0.40699986  0.19742067] left_ee=[0.04260183 0.04264113] right_arm=[ 0.3787906   1.611182    0.8132417   0.7467822  -1.1515306  -0.07890285] right_ee=[0. 0.]
step=86 env=0 left_arm=[-0.13205166  0.68291175  0.42552707 -0.01819917  0.50548464  0.24801148] left_ee=[0.0426049  0.04269126] right_arm=[ 0.37843487  1.6108153   0.8156609   0.7537846  -1.1445861  -0.07469041] right_ee=[0. 0.]
step=87 env=0 left_arm=[-0.15749794  0.8036071   0.4982989  -0.01046628  0.5979477   0.28276   ] left_ee=[0.04282211 0.04288258] right_arm=[ 0.38127804  1.619367    0.81151074  0.7553031  -1.1436526  -0.07113162] right_ee=[0. 0.]
step=88 env=0 left_arm=[-0.187993    0.9533504   0.5784361   0.00836385  0.7041381   0.32106936] left_ee=[0.04334315 0.04337393] right_arm=[ 0.38138396  1.6240659   0.8008122   0.7593267  -1.1412798  -0.0614129 ] right_ee=[0. 0.]
step=89 env=0 left_arm=[-0.2157871   1.0989603   0.66253173  0.00778958  0.8138203   0.35785922] left_ee=[0.04370509 0.04371057] right_arm=[ 0.37606627  1.6107433   0.79296875  0.76216304 -1.1463513  -0.05157859] right_ee=[0. 0.]
step=90 env=0 left_arm=[-0.2314616   1.1866757   0.7076644   0.01964338  0.8738876   0.3888087 ] left_ee=[0.04386205 0.04385094] right_arm=[ 0.3732734   1.6141015   0.7860044   0.7689194  -1.1452307  -0.04889653] right_ee=[0. 0.]
step=91 env=0 left_arm=[-0.26668808  1.3372816   0.7921253   0.03835635  0.9833697   0.42921278] left_ee=[0.044      0.04398339] right_arm=[ 0.37198648  1.618265    0.77796143  0.77165884 -1.1456252  -0.04057465] right_ee=[0. 0.]
step=92 env=0 left_arm=[-0.27834797  1.3919237   0.827224    0.04398717  1.0293452   0.43550363] left_ee=[0.044      0.04398308] right_arm=[ 0.36918455  1.6106398   0.7655056   0.78877914 -1.1582825  -0.03300611] right_ee=[0. 0.]
step=93 env=0 left_arm=[-0.28997496  1.4504008   0.85630953  0.05002216  1.0600069   0.4681521 ] left_ee=[0.044     0.0439787] right_arm=[ 0.36961725  1.6095544   0.7684857   0.7822631  -1.1486927  -0.03583623] right_ee=[0. 0.]
step=94 env=0 left_arm=[-0.3051342   1.4930509   0.8827223   0.05868168  1.0911658   0.47500083] left_ee=[0.04380592 0.04377013] right_arm=[ 0.36627847  1.6125715   0.7598496   0.7933645  -1.152924   -0.03067701] right_ee=[0. 0.]
step=95 env=0 left_arm=[-0.31808347  1.5566822   0.91454947  0.06857825  1.1388967   0.49518943] left_ee=[0.04381641 0.04380148] right_arm=[ 0.36158156  1.6082653   0.7495135   0.81204414 -1.16215    -0.0218045 ] right_ee=[0. 0.]
step=96 env=0 left_arm=[-0.32738242  1.5820371   0.9278361   0.08216079  1.1566656   0.5064397 ] left_ee=[0.04324897 0.04320091] right_arm=[ 0.3623464   1.6157864   0.75265145  0.8243462  -1.1675681  -0.01641341] right_ee=[0. 0.]
step=97 env=0 left_arm=[-0.33714086  1.6067988   0.9396084   0.09864543  1.181437    0.5005862 ] left_ee=[0.0423696  0.04233341] right_arm=[ 0.36054075  1.6098143   0.74775517  0.83955675 -1.1794952  -0.01208696] right_ee=[0. 0.]
step=98 env=0 left_arm=[-0.34698597  1.6248311   0.9470643   0.10354082  1.2002555   0.4998283 ] left_ee=[0.04156728 0.04153407] right_arm=[ 3.5664335e-01  1.6065238e+00  7.3801976e-01  8.5386515e-01
 -1.1832504e+00 -8.2645274e-04] right_ee=[0. 0.]
step=99 env=0 left_arm=[-0.34374171  1.639084    0.9531259   0.11020134  1.2049906   0.51155454] left_ee=[0.04059806 0.04062122] right_arm=[ 3.5164830e-01  1.5993880e+00  7.3822659e-01  8.5500783e-01
 -1.1831394e+00 -1.2278013e-03] right_ee=[0. 0.]
step=100 env=0 left_arm=[-0.3513473   1.6454803   0.95680416  0.119792    1.2134199   0.5068124 ] left_ee=[0.03955185 0.03951513] right_arm=[ 0.34884554  1.5941972   0.72513634  0.8731074  -1.1876531   0.00982743] right_ee=[0. 0.]
step=101 env=0 left_arm=[-0.39902133  1.6517546   1.0143851   0.1465946   1.2187653   0.5019267 ] left_ee=[0.03077914 0.03066103] right_arm=[ 0.3600569   1.6335404   0.7177548   0.9555329  -1.2358956   0.03272692] right_ee=[0.00290189 0.00292174]
step=102 env=0 left_arm=[-0.40070826  1.65744     1.0316356   0.12267588  1.2118883   0.5230302 ] left_ee=[0.02203241 0.02345718] right_arm=[ 0.35865065  1.635386    0.71362627  0.96279037 -1.2351372   0.03700048] right_ee=[0.00340777 0.00465956]
step=103 env=0 left_arm=[-0.40260494  1.6495738   1.0218718   0.13179071  1.2221248   0.51310563] left_ee=[0.0136894  0.01941708] right_arm=[ 0.35898918  1.6551061   0.7222048   0.9737883  -1.2518346   0.03439266] right_ee=[0.00284622 0.00791313]
step=104 env=0 left_arm=[-0.4019963   1.6448979   1.0185745   0.12573758  1.2243934   0.51363766] left_ee=[0.00587735 0.01514818] right_arm=[ 0.35699666  1.6682297   0.7266879   0.9729442  -1.2583464   0.03023282] right_ee=[0.00145806 0.00973357]
step=105 env=0 left_arm=[-0.39980385  1.6343412   1.0072744   0.12707707  1.2272222   0.50243217] left_ee=[0.00323124 0.01092344] right_arm=[ 0.35777736  1.6764171   0.732345    0.97166157 -1.2634084   0.02313907] right_ee=[0.00026365 0.00671086]
step=106 env=0 left_arm=[-0.39605394  1.6174092   1.0027792   0.10732053  1.2152519   0.5147551 ] left_ee=[0.00100909 0.00745617] right_arm=[ 0.35457754  1.6654142   0.7285827   0.952184   -1.2533699   0.0180301 ] right_ee=[0.         0.00559891]
step=107 env=0 left_arm=[-0.39256832  1.6108129   0.99670416  0.11855406  1.2169843   0.50194055] left_ee=[7.4165070e-04 1.3845937e-06] right_arm=[ 0.35728124  1.6718783   0.7334903   0.9513103  -1.2587729   0.01306599] right_ee=[0.00839619 0.00603053]
step=108 env=0 left_arm=[-0.38416204  1.6012237   1.0024179   0.0873713   1.2034781   0.5216126 ] left_ee=[0. 0.] right_arm=[ 0.34872103  1.6600951   0.73104465  0.93787324 -1.2514367   0.00929195] right_ee=[0.0167313  0.01571506]
step=109 env=0 left_arm=[-0.36962596  1.5932361   1.0064063   0.04623058  1.1888641   0.54688686] left_ee=[0. 0.] right_arm=[ 0.34029612  1.6361403   0.72359526  0.92452615 -1.2396128   0.01204795] right_ee=[0.02454841 0.02416309]
step=110 env=0 left_arm=[-0.35707614  1.5889837   1.0167574   0.00655488  1.1656849   0.5808227 ] left_ee=[0. 0.] right_arm=[ 0.33192796  1.6134651   0.71309143  0.91522413 -1.2276938   0.01115002] right_ee=[0.03120397 0.03105339]
step=111 env=0 left_arm=[-0.34315237  1.5720469   1.0232245  -0.0277037   1.1442841   0.6067615 ] left_ee=[0. 0.] right_arm=[ 0.32106048  1.5826592   0.7013783   0.89391834 -1.209126    0.01048893] right_ee=[0.03641636 0.03635485]
step=112 env=0 left_arm=[-0.32921338  1.5705247   1.0370066  -0.05536086  1.1249572   0.6311488 ] left_ee=[0. 0.] right_arm=[ 0.311017    1.5577474   0.6913167   0.8798411  -1.1950235   0.01352864] right_ee=[0.03951709 0.03949152]
step=113 env=0 left_arm=[-0.32629794  1.5651877   1.0406562  -0.06857526  1.1190053   0.6432671 ] left_ee=[0. 0.] right_arm=[ 0.30630895  1.5440171   0.6814974   0.87105113 -1.1888407   0.01467676] right_ee=[0.04134536 0.04134209]
step=114 env=0 left_arm=[-0.31692848  1.5759431   1.06144    -0.07905647  1.1194441   0.66066635] left_ee=[0. 0.] right_arm=[ 0.30106208  1.5404756   0.67558366  0.8797694  -1.1935726   0.01841948] right_ee=[0.04243551 0.04242288]
step=115 env=0 left_arm=[-0.2979484   1.5582244   1.0586841  -0.10130394  1.0847872   0.6767507 ] left_ee=[0. 0.] right_arm=[ 0.28432673  1.4791185   0.6533697   0.83293325 -1.152456    0.01629386] right_ee=[0.04307743 0.04309491]
step=116 env=0 left_arm=[-0.2905595  1.5662028  1.0810999 -0.1512882  1.0598515  0.717149 ] left_ee=[0. 0.] right_arm=[ 0.27863407  1.438389    0.6319215   0.81431407 -1.1237407   0.01991108] right_ee=[0.04345162 0.04347443]
step=117 env=0 left_arm=[-0.27445737  1.5787737   1.103164   -0.20566635  1.0346782   0.75990444] left_ee=[0. 0.] right_arm=[ 0.26886642  1.4069202   0.61439544  0.79092205 -1.0956197   0.02431707] right_ee=[0.04369355 0.04368072]
step=118 env=0 left_arm=[-0.25705695  1.5832229   1.125166   -0.24180438  1.0124657   0.80368274] left_ee=[0. 0.] right_arm=[ 0.25961673  1.3790686   0.59667075  0.78735167 -1.0805304   0.02736427] right_ee=[0.04381565 0.0438227 ]
step=119 env=0 left_arm=[-0.24268487  1.5857227   1.1441263  -0.29086682  0.9841781   0.84330136] left_ee=[0. 0.] right_arm=[ 0.25274134  1.3350049   0.5782096   0.7657284  -1.049502    0.02963213] right_ee=[0.04389008 0.04390666]
step=120 env=0 left_arm=[-0.22653256  1.6087965   1.1796596  -0.34063378  0.965072    0.8923278 ] left_ee=[0. 0.] right_arm=[ 0.24543498  1.3039513   0.5548678   0.7659464  -1.0355383   0.03186657] right_ee=[0.04393578 0.04394508]
step=121 env=0 left_arm=[-0.20600162  1.605585    1.1973709  -0.40599     0.92218566  0.9441145 ] left_ee=[0. 0.] right_arm=[ 0.23443606  1.2575605   0.5315986   0.7378056  -0.9869747   0.03315669] right_ee=[0.04398479 0.04397271]
step=122 env=0 left_arm=[-0.19057441  1.6121135   1.2188616  -0.44070068  0.89340097  0.98091507] left_ee=[0. 0.] right_arm=[ 0.22578952  1.2143235   0.5153037   0.7143765  -0.9608889   0.03322842] right_ee=[0.04398319 0.04399647]
step=123 env=0 left_arm=[-0.16235067  1.612832    1.2424866  -0.52765256  0.83206177  1.050413  ] left_ee=[0. 0.] right_arm=[ 0.21099111  1.1338515   0.47691506  0.6711811  -0.8888818   0.03668983] right_ee=[0.044 0.044]
step=124 env=0 left_arm=[-0.14274876  1.6250256   1.2787173  -0.5967062   0.7887584   1.1056335 ] left_ee=[0. 0.] right_arm=[ 0.19919667  1.0520384   0.43790573  0.6361584  -0.83831346  0.03194243] right_ee=[0.04399555 0.04399484]
step=125 env=0 left_arm=[-0.09258483  1.6300799   1.3268999  -0.7199019   0.67925674  1.2311193 ] left_ee=[0.000000e+00 2.266334e-06] right_arm=[ 0.17041238  0.90109193  0.37101716  0.5535     -0.727862    0.02928854] right_ee=[0.04399749 0.044     ]
step=126 env=0 left_arm=[-0.05357298  1.639615    1.3655313  -0.85221446  0.58189094  1.3353091 ] left_ee=[0. 0.] right_arm=[ 0.1464401   0.76633054  0.31009224  0.4779249  -0.6105702   0.0281837 ] right_ee=[0.04397656 0.044     ]
step=127 env=0 left_arm=[ 7.6705001e-05  1.6443830e+00  1.4105918e+00 -9.9299955e-01
  4.5945910e-01  1.4576091e+00] left_ee=[0.0000000e+00 1.1744418e-06] right_arm=[ 0.11708782  0.6154147   0.24247786  0.39021844 -0.48411793  0.02811253] right_ee=[0.04395805 0.044     ]
step=128 env=0 left_arm=[ 0.01588591  1.6662298   1.4491994  -1.0750445   0.4063592   1.5207508 ] left_ee=[0.000000e+00 4.465187e-07] right_arm=[ 0.10208296  0.521007    0.20305209  0.34420893 -0.41738114  0.02804541] right_ee=[0.04395578 0.044     ]
step=129 env=0 left_arm=[ 0.05649881  1.6709186   1.4847615  -1.1861854   0.3089754   1.614482  ] left_ee=[0.0000000e+00 1.1980153e-06] right_arm=[ 0.07379327  0.3847993   0.14272791  0.267773   -0.31133485  0.0280007 ] right_ee=[0.04394251 0.044     ]
step=130 env=0 left_arm=[ 0.08856753  1.6737721   1.5043272  -1.2900007   0.22383764  1.6864214 ] left_ee=[7.7296015e-08 1.2726941e-06] right_arm=[ 0.04692266  0.25706968  0.09537004  0.19945695 -0.2110779   0.0292415 ] right_ee=[0.04393668 0.044     ]
step=131 env=0 left_arm=[ 0.12210145  1.6671809   1.5220047  -1.3767902   0.14561899  1.7439102 ] left_ee=[4.9155343e-08 6.1945155e-07] right_arm=[ 0.02646501  0.16786598  0.06315345  0.1374226  -0.14136374  0.02660106] right_ee=[0.04394641 0.044     ]
step=132 env=0 left_arm=[ 0.13172127  1.6644431   1.5337611  -1.3986329   0.12376964  1.767645  ] left_ee=[0. 0.] right_arm=[ 0.02053976  0.14511175  0.04983107  0.12328056 -0.12239674  0.0255818 ] right_ee=[0.04392255 0.04399324]
step=133 env=0 left_arm=[ 0.15410571  1.6674328   1.5558472  -1.4811603   0.05059108  1.823136  ] left_ee=[0.0001449  0.00015606] right_arm=[ 0.00021337  0.05270488  0.01338049  0.05992837 -0.04254445  0.02545421] right_ee=[0.04394041 0.044     ]
step=134 env=0 left_arm=[ 0.1683893   1.6680707   1.5584531  -1.5180948   0.02334415  1.8456976 ] left_ee=[0.00104099 0.00114732] right_arm=[-0.00740653  0.01685948 -0.00094891  0.04423413 -0.02138887  0.0284432 ] right_ee=[0.04391274 0.04399337]
step=135 env=0 left_arm=[ 1.7763852e-01  1.6606838e+00  1.5525815e+00 -1.5271946e+00
  1.6815716e-03  1.8336736e+00] left_ee=[0.00161516 0.00170346] right_arm=[-0.01211736 -0.01932075 -0.01006039  0.02378765  0.00592517  0.02157875] right_ee=[0.04394215 0.04399138]
step=136 env=0 left_arm=[ 0.18740031  1.6667693   1.5577056  -1.5582682  -0.02821748  1.8702018 ] left_ee=[0.00381871 0.00387383] right_arm=[-0.01998214 -0.0506364  -0.02314009  0.00774369  0.02424751  0.0266877 ] right_ee=[0.04395774 0.04399348]
step=137 env=0 left_arm=[ 0.19336873  1.6683983   1.5463625  -1.5672055  -0.03559126  1.8807802 ] left_ee=[0.00525487 0.00531506] right_arm=[-0.02193915 -0.06698266 -0.03106507  0.00718758  0.0339128   0.02982972] right_ee=[0.04396065 0.04399362]
step=138 env=0 left_arm=[ 0.19166328  1.6680623   1.5456127  -1.5604807  -0.03533213  1.874395  ] left_ee=[0.00655029 0.00661699] right_arm=[-0.02024558 -0.06791409 -0.03148026  0.0062916   0.0369993   0.02594929] right_ee=[0.04396899 0.04399379]
step=139 env=0 left_arm=[ 0.19432962  1.6725868   1.5432155  -1.5763594  -0.04156049  1.873721  ] left_ee=[0.00823686 0.00823656] right_arm=[-0.02223632 -0.08181681 -0.03454698  0.00368886  0.03749107  0.02590577] right_ee=[0.04398276 0.04399034]
step=140 env=0 left_arm=[ 0.19318472  1.6713235   1.5249228  -1.559253   -0.04148244  1.8705581 ] left_ee=[0.01026173 0.0102937 ] right_arm=[-0.02215703 -0.08050871 -0.03622651  0.00272942  0.04309609  0.02516787] right_ee=[0.04398892 0.04399392]
step=141 env=0 left_arm=[ 0.18831538  1.6656822   1.5113469  -1.54897    -0.04044703  1.8558137 ] left_ee=[0.0121279  0.01212967] right_arm=[-0.02135624 -0.08643556 -0.03617423 -0.00452199  0.04489795  0.02312282] right_ee=[0.04399033 0.0439983 ]
step=142 env=0 left_arm=[ 0.18299577  1.6576701   1.493003   -1.5322434  -0.03584552  1.8436652 ] left_ee=[0.01417569 0.01417587] right_arm=[-0.02119437 -0.08537089 -0.03620657 -0.00553933  0.04650808  0.02300226] right_ee=[0.04399424 0.04399742]
step=143 env=0 left_arm=[ 0.17404851  1.6196561   1.4478949  -1.4873987  -0.03014988  1.7867316 ] left_ee=[0.01627443 0.01623878] right_arm=[-0.01905921 -0.08109702 -0.03623129 -0.01453179  0.04336839  0.02066171] right_ee=[0.0439942  0.04399632]
step=144 env=0 left_arm=[ 0.16877207  1.6041534   1.4233989  -1.4641354  -0.02794551  1.7684848 ] left_ee=[0.01802404 0.01802656] right_arm=[-0.01803659 -0.0808593  -0.03624407 -0.0165274   0.04516347  0.02001602] right_ee=[0.04399867 0.04399393]
step=145 env=0 left_arm=[ 0.16005585  1.5655383   1.3868521  -1.4272532  -0.0241815   1.7233503 ] left_ee=[0.01975396 0.01972963] right_arm=[-0.01668518 -0.07847759 -0.03627422 -0.02023192  0.04485219  0.01530271] right_ee=[0.04399853 0.04399825]
step=146 env=0 left_arm=[ 0.15291916  1.5119647   1.3351641  -1.3741707  -0.02163384  1.658547  ] left_ee=[0.02110645 0.02107999] right_arm=[-0.01658447 -0.08149405 -0.03623325 -0.02359432  0.04410397  0.01402367] right_ee=[0.04399978 0.04399781]
step=147 env=0 left_arm=[ 0.14203548  1.4510853   1.2787672  -1.3129231  -0.01616884  1.5878378 ] left_ee=[0.02253583 0.022526  ] right_arm=[-0.01605555 -0.0757565  -0.03629242 -0.02372664  0.0474299   0.01210642] right_ee=[0.04399851 0.04399813]
step=148 env=0 left_arm=[ 0.12758216  1.3771056   1.2072599  -1.2408546  -0.01070031  1.5025406 ] left_ee=[0.02342888 0.02341104] right_arm=[-0.01494688 -0.07592679 -0.03628483 -0.02931453  0.04235667  0.00919252] right_ee=[0.04399614 0.04399602]
step=149 env=0 left_arm=[ 0.11896136  1.3204587   1.1530634  -1.1829487  -0.00707609  1.4351422 ] left_ee=[0.02427762 0.02430333] right_arm=[-0.01452235 -0.07646314 -0.03627324 -0.03494007  0.03718738  0.00742251] right_ee=[0.04399968 0.04399546]
step=150 env=0 left_arm=[ 1.0957089e-01  1.2409071e+00  1.0770972e+00 -1.1040347e+00
 -4.0560903e-04  1.3433230e+00] left_ee=[0.02528825 0.0252902 ] right_arm=[-0.01446674 -0.07251339 -0.03632487 -0.03233514  0.03856071  0.00689598] right_ee=[0.04399925 0.04399463]
step=151 env=0 left_arm=[-0.05108088  1.4243013   1.2641891  -1.2710688   0.04042137  1.5290198 ] left_ee=[0.03290623 0.0329831 ] right_arm=[ 0.05229574  0.10612491  0.086073   -0.0755683   0.03401761 -0.02397134] right_ee=[0.04399148 0.04394229]
step=152 env=0 left_arm=[-0.07508882  1.5834545   1.3672885  -1.2532568   0.04183109  1.5445824 ] left_ee=[0.03752737 0.03747648] right_arm=[ 0.06678934  0.17036243  0.10866813 -0.09837217  0.04324066 -0.03795284] right_ee=[0.04399528 0.04391605]
step=153 env=0 left_arm=[-0.08096885  1.5641637   1.3414614  -1.2182127   0.04150613  1.5139741 ] left_ee=[0.04037706 0.03997015] right_arm=[ 0.07477711  0.19053556  0.11482014 -0.10525099  0.05203146 -0.04345605] right_ee=[0.04399811 0.0439579 ]
step=154 env=0 left_arm=[-0.08101912  1.4883661   1.266721   -1.1600244   0.03279399  1.4140106 ] left_ee=[0.04194831 0.04170367] right_arm=[ 0.08510362  0.24028422  0.12631053 -0.12137689  0.04887218 -0.05260399] right_ee=[0.04399729 0.04398603]
step=155 env=0 left_arm=[-0.08759883  1.4428353   1.2172859  -1.1220433   0.03075323  1.3402712 ] left_ee=[0.04278425 0.04273203] right_arm=[ 0.08965566  0.25766337  0.13599715 -0.12998146  0.04341626 -0.05505574] right_ee=[0.044      0.04398346]
step=156 env=0 left_arm=[-0.08065499  1.3281536   1.1145953  -1.0470388   0.0309627   1.2382215 ] left_ee=[0.0433714  0.04331362] right_arm=[ 0.10152259  0.3022439   0.16633755 -0.149091    0.05004253 -0.07105105] right_ee=[0.044      0.04399108]
step=157 env=0 left_arm=[-0.08618765  1.2144662   1.0156977  -0.95858383  0.03060796  1.1283597 ] left_ee=[0.0436691  0.04371082] right_arm=[ 0.11282199  0.3204383   0.18371534 -0.16354938  0.05109115 -0.07849181] right_ee=[0.044     0.0439894]
step=158 env=0 left_arm=[-0.09175805  1.1392148   0.93905395 -0.8962993   0.03012607  1.0410266 ] left_ee=[0.04382319 0.04387193] right_arm=[ 0.11838674  0.34671172  0.20446095 -0.18373077  0.04949269 -0.08305363] right_ee=[0.044      0.04398909]
step=159 env=0 left_arm=[-0.09207811  1.0356247   0.8310479  -0.809919    0.03919091  0.9290387 ] left_ee=[0.04395352 0.04397109] right_arm=[ 0.12498596  0.3710575   0.2217952  -0.19258538  0.04729684 -0.08318625] right_ee=[0.044      0.04399227]
step=160 env=0 left_arm=[-0.09307345  0.92307645  0.7426834  -0.73844963  0.02831934  0.84008414] left_ee=[0.04397588 0.044     ] right_arm=[ 0.13745283  0.4106801   0.25341916 -0.22808637  0.05416943 -0.10342932] right_ee=[0.044      0.04399069]
step=161 env=0 left_arm=[-0.08900087  0.7929116   0.63150567 -0.63172776  0.02721448  0.7112305 ] left_ee=[0.04398622 0.044     ] right_arm=[ 0.1447806   0.41234678  0.268665   -0.2372007   0.06268695 -0.11209628] right_ee=[0.044      0.04398656]
step=162 env=0 left_arm=[-0.09425908  0.77303135  0.6016654  -0.61215866  0.03285471  0.6728979 ] left_ee=[0.04398074 0.04398761] right_arm=[ 0.14806992  0.44182578  0.2791518  -0.25205803  0.06087055 -0.12239061] right_ee=[0.04399572 0.04399225]
step=163 env=0 left_arm=[-0.08814099  0.6796061   0.5158255  -0.53152174  0.03175896  0.581701  ] left_ee=[0.04399423 0.044     ] right_arm=[ 0.15016301  0.4450888   0.28702822 -0.24882169  0.06460984 -0.13013636] right_ee=[0.04399672 0.04398656]
step=164 env=0 left_arm=[-0.08665192  0.5460378   0.4050416  -0.4215095   0.03003425  0.45370373] left_ee=[0.04368572 0.04373313] right_arm=[ 0.15538011  0.46155193  0.29995352 -0.2625368   0.06462938 -0.14648181] right_ee=[0.04372664 0.04373269]
step=165 env=0 left_arm=[-0.08443443  0.49370003  0.35931212 -0.3693821   0.03226141  0.39170992] left_ee=[0.04348961 0.0435522 ] right_arm=[ 0.14989187  0.44573063  0.29709077 -0.2572264   0.06053733 -0.1415782 ] right_ee=[0.04350847 0.04348967]
step=166 env=0 left_arm=[-0.08190536  0.4801498   0.3314163  -0.35811767  0.03348341  0.38476205] left_ee=[0.0433178 0.0433161] right_arm=[ 0.16206032  0.4923284   0.3210745  -0.27204135  0.06018139 -0.15312167] right_ee=[0.04340729 0.04342675]
step=167 env=0 left_arm=[-0.07497315  0.38901165  0.27129862 -0.2780637   0.03382338  0.28067034] left_ee=[0.04307865 0.04317492] right_arm=[ 0.15524575  0.4646138   0.30567753 -0.2548936   0.06085292 -0.15364143] right_ee=[0.04261371 0.04258271]
step=168 env=0 left_arm=[-0.07485465  0.34259552  0.23112865 -0.24143595  0.03190785  0.22954221] left_ee=[0.0428298  0.04284608] right_arm=[ 0.15887403  0.47805864  0.31919646 -0.26823655  0.06678817 -0.16691822] right_ee=[0.04194765 0.04195067]
step=169 env=0 left_arm=[-0.06871495  0.28022477  0.17842977 -0.19210288  0.03236238  0.17443667] left_ee=[0.04262896 0.0426497 ] right_arm=[ 0.15436639  0.4668211   0.31379756 -0.26148528  0.06472704 -0.165187  ] right_ee=[0.04146351 0.04146   ]
step=170 env=0 left_arm=[-0.06710821  0.24961431  0.16265672 -0.1720386   0.02933081  0.15397437] left_ee=[0.04243283 0.04244985] right_arm=[ 0.15845865  0.4689333   0.3187956  -0.258673    0.06480286 -0.16519946] right_ee=[0.04076314 0.04077083]
step=171 env=0 left_arm=[-0.06747502  0.22998635  0.14681794 -0.16028678  0.02631817  0.1406376 ] left_ee=[0.04237363 0.04236927] right_arm=[ 0.15138301  0.44348863  0.29698178 -0.25231668  0.06388478 -0.1564389 ] right_ee=[0.04053282 0.04053389]
step=172 env=0 left_arm=[-0.06251501  0.16641921  0.1067103  -0.11201829  0.02890107  0.0925165 ] left_ee=[0.04221594 0.04223601] right_arm=[ 0.15106785  0.44276023  0.2996105  -0.2440252   0.06155689 -0.15376443] right_ee=[0.04000873 0.0400095 ]
step=173 env=0 left_arm=[-0.06474298  0.18509635  0.11418988 -0.12120643  0.02902683  0.09720536] left_ee=[0.04216962 0.04216783] right_arm=[ 0.14900634  0.44345737  0.29717952 -0.24907717  0.06226782 -0.15957981] right_ee=[0.03979599 0.03980095]
step=174 env=0 left_arm=[-0.05899048  0.13936588  0.08050887 -0.08808913  0.02639784  0.06000921] left_ee=[0.04219811 0.04221595] right_arm=[ 0.15000735  0.44151512  0.2967768  -0.2465543   0.06642348 -0.16385682] right_ee=[0.03932814 0.03932903]
step=175 env=0 left_arm=[-0.05948747  0.13908559  0.07876028 -0.08056661  0.02768884  0.05733318] left_ee=[0.04228899 0.04228293] right_arm=[ 0.15305276  0.45865318  0.3105666  -0.24484374  0.06331046 -0.15743332] right_ee=[0.03892903 0.03893145]
step=176 env=0 left_arm=[-0.0541696   0.12445963  0.06388135 -0.06821987  0.03019074  0.04982595] left_ee=[0.04231635 0.04231954] right_arm=[ 0.15195689  0.4389793   0.29043466 -0.23050648  0.05662187 -0.1436646 ] right_ee=[0.03850856 0.03851487]
step=177 env=0 left_arm=[-0.05457273  0.1135755   0.06230716 -0.06175942  0.02853101  0.04835624] left_ee=[0.04228284 0.04227925] right_arm=[ 0.14772087  0.42210189  0.2857809  -0.22567756  0.05614074 -0.14200515] right_ee=[0.03822178 0.03820398]
step=178 env=0 left_arm=[-0.05307177  0.08752815  0.04638012 -0.04466023  0.02794163  0.02686246] left_ee=[0.0424982  0.04249904] right_arm=[ 0.14427698  0.40418196  0.27368802 -0.220753    0.05515881 -0.13590534] right_ee=[0.03807995 0.03808378]
step=179 env=0 left_arm=[-0.05146156  0.08587376  0.03950974 -0.04621177  0.02592225  0.03271586] left_ee=[0.04237382 0.0423731 ] right_arm=[ 0.14581355  0.4179392   0.28310072 -0.23060372  0.05943385 -0.13961735] right_ee=[0.03801495 0.03801949]
step=180 env=0 left_arm=[-0.05022493  0.08295352  0.03559101 -0.04143718  0.02754103  0.02451293] left_ee=[0.04258418 0.04258017] right_arm=[ 0.14278035  0.4042159   0.27497792 -0.22230124  0.05462708 -0.13384672] right_ee=[0.03807691 0.03807786]
step=181 env=0 left_arm=[-0.05244839  0.08723471  0.04180544 -0.03942694  0.02879677  0.02143546] left_ee=[0.04271233 0.04270793] right_arm=[ 0.14430629  0.40949988  0.2833825  -0.2236177   0.05306455 -0.13685766] right_ee=[0.03792636 0.03792608]
step=182 env=0 left_arm=[-0.04923537  0.0671887   0.02954327 -0.03016737  0.02747612  0.01527899] left_ee=[0.04273929 0.04274731] right_arm=[ 0.13829172  0.38122422  0.2620354  -0.21061362  0.05315847 -0.12363084] right_ee=[0.03797256 0.03796858]
step=183 env=0 left_arm=[-0.05047577  0.06574924  0.02777644 -0.02131597  0.03305434  0.01146629] left_ee=[0.04275088 0.04274265] right_arm=[ 0.13738441  0.378932    0.26264483 -0.1978797   0.04857995 -0.11590256] right_ee=[0.03773276 0.03773584]
step=184 env=0 left_arm=[-0.04289137  0.04083176  0.01183022 -0.01638358  0.02269525  0.00333403] left_ee=[0.04283195 0.04285112] right_arm=[ 0.13186128  0.3607319   0.24760579 -0.19911255  0.05456187 -0.11802232] right_ee=[0.03779888 0.03779761]
step=185 env=0 left_arm=[-0.04820791  0.04992016  0.01842371 -0.02393745  0.02511348  0.00358846] left_ee=[0.04291028 0.0428842 ] right_arm=[ 0.13417558  0.37089318  0.26100653 -0.21065561  0.05076516 -0.12694055] right_ee=[0.0380085  0.03802111]
step=186 env=0 left_arm=[-0.04844408  0.05237563  0.02002038 -0.01959302  0.03221028  0.00956315] left_ee=[0.04276053 0.04275963] right_arm=[ 0.13436261  0.35730305  0.25563487 -0.1963703   0.04818877 -0.10607957] right_ee=[0.03771394 0.03770829]
step=187 env=0 left_arm=[-0.03879414  0.01942655 -0.00658512 -0.00915962  0.01937378 -0.00186602] left_ee=[0.04283333 0.04285872] right_arm=[ 0.12604503  0.33891574  0.24391933 -0.19324732  0.05256516 -0.11201267] right_ee=[0.03784698 0.03783498]
step=188 env=0 left_arm=[-0.04355684  0.03017054  0.00434975 -0.01645839  0.02237094  0.00204143] left_ee=[0.04273068 0.04270023] right_arm=[ 0.13039939  0.34919992  0.24896698 -0.20477596  0.05513956 -0.11642516] right_ee=[0.03799943 0.03802086]
step=189 env=0 left_arm=[-0.03776726  0.01428824 -0.0073761   0.00055463  0.02404661 -0.01003928] left_ee=[0.04291626 0.04292398] right_arm=[ 0.11713038  0.30200753  0.21692517 -0.16833645  0.04319637 -0.08668729] right_ee=[0.03803737 0.03801852]
step=190 env=0 left_arm=[-0.03756798  0.00528692 -0.01293211  0.00460004  0.02105615 -0.01295355] left_ee=[0.04313029 0.04312588] right_arm=[ 0.11427779  0.29685536  0.21467517 -0.16679385  0.04353257 -0.08855316] right_ee=[0.03811537 0.0381181 ]
step=191 env=0 left_arm=[-0.03714892  0.00364557 -0.01574314  0.00420168  0.0229223  -0.00883458] left_ee=[0.04304079 0.04303519] right_arm=[ 0.11478568  0.2906766   0.21545273 -0.16114217  0.04393551 -0.08045202] right_ee=[0.03807312 0.03807727]
step=192 env=0 left_arm=[-0.03864723 -0.00357414 -0.01859037  0.00782746  0.02446545 -0.01603856] left_ee=[0.04307733 0.04307407] right_arm=[ 0.1107671   0.2727294   0.20551182 -0.15243047  0.04136823 -0.07751125] right_ee=[0.03810056 0.03810026]
step=193 env=0 left_arm=[-0.0306984  -0.01980672 -0.02617687  0.00675334  0.01640048 -0.01708601] left_ee=[0.04309922 0.04311594] right_arm=[ 0.10539765  0.259005    0.18988495 -0.14285891  0.04292923 -0.07113799] right_ee=[0.03809681 0.03809889]
step=194 env=0 left_arm=[-0.0269099  -0.04189585 -0.03640713  0.01998486  0.01139962 -0.03471561] left_ee=[0.04344288 0.0434293 ] right_arm=[ 0.09691133  0.21939681  0.15886211 -0.12224115  0.04041436 -0.05802496] right_ee=[0.03827703 0.03828099]
step=195 env=0 left_arm=[-0.02822832 -0.03830441 -0.03643485  0.02099497  0.01626157 -0.0289856 ] left_ee=[0.04350371 0.04348472] right_arm=[ 0.09538264  0.21661425  0.16284299 -0.11609907  0.03823448 -0.05374803] right_ee=[0.0382288 0.038238 ]
step=196 env=0 left_arm=[-0.02600856 -0.0445577  -0.03637748  0.02483703  0.01606364 -0.03058092] left_ee=[0.04359338 0.04359606] right_arm=[ 0.09255196  0.21155584  0.15634918 -0.10674016  0.03508817 -0.04830335] right_ee=[0.03825132 0.03825654]
step=197 env=0 left_arm=[-0.02089937 -0.05755487 -0.03626311  0.0236289   0.00709812 -0.03908332] left_ee=[0.0437557  0.04376292] right_arm=[ 0.08621334  0.18313813  0.13304643 -0.0966719   0.03589575 -0.0424924 ] right_ee=[0.03834693 0.03834561]
step=198 env=0 left_arm=[-0.01793369 -0.08578239 -0.03585644  0.02329076 -0.00250359 -0.04249353] left_ee=[0.04368417 0.04367374] right_arm=[ 0.07736917  0.1507863   0.11733394 -0.09402852  0.04311026 -0.04421433] right_ee=[0.03856763 0.03856594]
step=199 env=0 left_arm=[-0.01346974 -0.09787512 -0.0356831   0.02738068 -0.00524222 -0.04622188] left_ee=[0.04381533 0.04380189] right_arm=[ 0.069909    0.127948    0.09904989 -0.07818661  0.03855891 -0.03357005] right_ee=[0.03881727 0.03883593]
step=200 env=0 left_arm=[-0.01201866 -0.1118959  -0.03547582  0.02912237 -0.00751651 -0.0475997 ] left_ee=[0.04382724 0.04381297] right_arm=[ 0.06490739  0.11289848  0.08904663 -0.06507844  0.0369801  -0.02587791] right_ee=[0.03890871 0.03891901]
step=201 env=0 left_arm=[-0.01819716 -0.04706617 -0.03627993  0.01732501 -0.02733434  0.01362239] left_ee=[0.04389292 0.04392582] right_arm=[ 0.10367236  0.19180831  0.19932507 -0.14758813  0.00483415 -0.08721393] right_ee=[0.04097054 0.04102609]
step=202 env=0 left_arm=[-0.01988252 -0.04495567 -0.03636865  0.01989074 -0.03421255  0.03229134] left_ee=[0.04394219 0.04394991] right_arm=[ 0.12279991  0.24685599  0.24025014 -0.17888483  0.0026845  -0.11410823] right_ee=[0.04225443 0.04219931]
step=203 env=0 left_arm=[-0.01979024 -0.04566065 -0.03634722  0.01699296 -0.03363073  0.0369335 ] left_ee=[0.04396855 0.04396692] right_arm=[ 0.14490524  0.3200525   0.29922965 -0.21805596  0.00510843 -0.1449859 ] right_ee=[0.042989   0.04294071]
step=204 env=0 left_arm=[-0.02214941 -0.04074814 -0.03571904  0.0149178  -0.0350919   0.04471498] left_ee=[0.0439825  0.04398026] right_arm=[ 0.18312715  0.44869477  0.39370006 -0.28650057  0.00355118 -0.20138691] right_ee=[0.04344135 0.04340985]
step=205 env=0 left_arm=[-0.0242728  -0.02903546 -0.02385793  0.00872548 -0.03296779  0.04559196] left_ee=[0.0439889 0.0439899] right_arm=[ 0.23179719  0.6124557   0.52482784 -0.38939154  0.00789851 -0.27449462] right_ee=[0.04375586 0.04369172]
step=206 env=0 left_arm=[-0.02289487 -0.02874589 -0.02307547  0.00430847 -0.03248063  0.04590074] left_ee=[0.04399028 0.04399691] right_arm=[ 0.27216652  0.75800985  0.64550644 -0.4740815   0.01672498 -0.35320005] right_ee=[0.04394227 0.04386057]
step=207 env=0 left_arm=[-0.02671295 -0.02914408 -0.01399987 -0.00190337 -0.03388564  0.04553635] left_ee=[0.0439959  0.04399536] right_arm=[ 0.34172362  0.94349104  0.8230376  -0.6194514   0.02559307 -0.4706857 ] right_ee=[0.044      0.04390332]
step=208 env=0 left_arm=[-0.02616299 -0.03850196 -0.02311512 -0.00117715 -0.0345507   0.04103773] left_ee=[0.04399615 0.04399817] right_arm=[ 0.39537066  1.1285889   0.98522043 -0.71902066  0.03524428 -0.5549575 ] right_ee=[0.044 0.044]
step=209 env=0 left_arm=[-0.03058071 -0.01747569 -0.00629372 -0.00114645 -0.02943853  0.02514615] left_ee=[0.04399286 0.04399738] right_arm=[ 0.4516097   1.3097842   1.1180503  -0.8141297   0.03230949 -0.63090307] right_ee=[0.044      0.04399475]
step=210 env=0 left_arm=[-0.03297773 -0.02035893 -0.02014717  0.00534109 -0.03213711  0.02698262] left_ee=[0.04399068 0.04399732] right_arm=[ 0.4959598   1.4920993   1.2553523  -0.9034946   0.04636607 -0.72057426] right_ee=[0.044 0.044]
step=211 env=0 left_arm=[-0.0331549  -0.01578796 -0.01359515  0.01032705 -0.02753517  0.02374342] left_ee=[0.04399337 0.04399857] right_arm=[ 0.5569484   1.6716032   1.3938851  -1.0121984   0.05324375 -0.79549724] right_ee=[0.044 0.044]
step=212 env=0 left_arm=[-0.03297525 -0.01166353 -0.0206675   0.01344298 -0.02907901  0.02207748] left_ee=[0.04399392 0.04399808] right_arm=[ 0.5931797   1.7994025   1.4760497  -1.0675545   0.05860513 -0.8448017 ] right_ee=[0.04393113 0.044     ]
step=213 env=0 left_arm=[-0.03251879 -0.00686518 -0.02691564  0.01543838 -0.02635784  0.02156065] left_ee=[0.04399794 0.04399661] right_arm=[ 0.6164395   1.8818539   1.5445809  -1.1133391   0.06680093 -0.8868321 ] right_ee=[0.04393332 0.044     ]
step=214 env=0 left_arm=[-0.03288778 -0.01298875 -0.01780926  0.01396499 -0.02677472  0.025288  ] left_ee=[0.04399654 0.04399932] right_arm=[ 0.6579519   1.965438    1.6182308  -1.1679907   0.08024488 -0.9096552 ] right_ee=[0.04392007 0.044     ]
step=215 env=0 left_arm=[-0.03071647 -0.01010957 -0.02676369  0.00908077 -0.02394992  0.02477582] left_ee=[0.04399931 0.04399786] right_arm=[ 0.6764084   2.038876    1.6765938  -1.2025113   0.0779722  -0.94961435] right_ee=[0.04393294 0.044     ]
step=216 env=0 left_arm=[-0.03212902 -0.00342147 -0.03374237  0.01250599 -0.02235455  0.02209776] left_ee=[0.04399735 0.04399757] right_arm=[ 0.6851008   2.078111    1.6889149  -1.1947343   0.07337026 -0.9550369 ] right_ee=[0.04394374 0.04399518]
step=217 env=0 left_arm=[-0.03073781 -0.00689101 -0.0273879   0.01356239 -0.02160887  0.0203267 ] left_ee=[0.04399412 0.04399852] right_arm=[ 0.70606124  2.1157615   1.7228973  -1.2160823   0.07471859 -0.959334  ] right_ee=[0.0439382 0.044    ]
step=218 env=0 left_arm=[-0.02753771 -0.01326742 -0.0316801   0.01894888 -0.01929381  0.01342758] left_ee=[0.04399683 0.04399819] right_arm=[ 0.73187697  2.1598713   1.7515891  -1.2369658   0.07100417 -0.9748486 ] right_ee=[0.04224502 0.04235316]
step=219 env=0 left_arm=[-0.02711743 -0.0050638  -0.03529933  0.02085589 -0.01645792  0.00914501] left_ee=[0.04399856 0.04399603] right_arm=[ 0.7252143   2.1680036   1.7591665  -1.2415781   0.07085469 -0.9840811 ] right_ee=[0.04172519 0.04165519]
step=220 env=0 left_arm=[-0.02518137 -0.01981994 -0.03487644  0.02242866 -0.01500575  0.00856518] left_ee=[0.04399664 0.04399877] right_arm=[ 0.74578744  2.1798844   1.7822297  -1.274215    0.07928136 -0.99503374] right_ee=[0.03852331 0.03860948]
step=221 env=0 left_arm=[-0.024238   -0.02990326 -0.03386523  0.02104298 -0.01442974  0.01333496] left_ee=[0.04399899 0.043998  ] right_arm=[ 0.7518388   2.1835258   1.7647737  -1.2658974   0.08116727 -0.97784376] right_ee=[0.03489552 0.0349155 ]
step=222 env=0 left_arm=[-0.02360872 -0.03074266 -0.03648896  0.02134702 -0.01123742  0.01294139] left_ee=[0.04399826 0.04399809] right_arm=[ 0.7625441   2.2062967   1.786658   -1.2679443   0.07985871 -0.9901703 ] right_ee=[0.03101941 0.03100826]
step=223 env=0 left_arm=[-0.02158022 -0.03478179 -0.0364501   0.01862795 -0.0113084   0.011107  ] left_ee=[0.04399662 0.04399795] right_arm=[ 0.7603213   2.2133899   1.781339   -1.2625494   0.08053508 -0.9810954 ] right_ee=[0.02760076 0.0276015 ]
step=224 env=0 left_arm=[-0.02180908 -0.03006005 -0.03650335  0.02548487 -0.00776316  0.00642621] left_ee=[0.0439976  0.04399574] right_arm=[ 0.77164876  2.2182667   1.8026183  -1.2793086   0.08463712 -0.99724627] right_ee=[0.02337939 0.02340744]
step=225 env=0 left_arm=[-0.02066134 -0.04215483 -0.03637192  0.02075657 -0.00955608  0.00538333] left_ee=[0.04399512 0.04399778] right_arm=[ 0.7697683   2.2284625   1.7985067  -1.279625    0.08318426 -0.9979588 ] right_ee=[0.01963429 0.0196485 ]
step=226 env=0 left_arm=[-0.02010727 -0.03732938 -0.03219657  0.03057746 -0.0077642   0.0048018 ] left_ee=[0.04399878 0.04399603] right_arm=[ 0.7738398   2.2063236   1.7807784  -1.2734      0.08495925 -0.9863227 ] right_ee=[0.01572987 0.01574373]
step=227 env=0 left_arm=[-0.0223733  -0.03361012 -0.03495327  0.02553339 -0.00416508  0.00474266] left_ee=[0.04399555 0.04399649] right_arm=[ 0.7723848   2.2220013   1.7946342  -1.273821    0.08067624 -0.9920435 ] right_ee=[0.01239414 0.01236235]
step=228 env=0 left_arm=[-0.02197474 -0.03042842 -0.03308957  0.022171   -0.00410667  0.00241379] left_ee=[0.04399281 0.04399878] right_arm=[ 0.77527213  2.232654    1.816181   -1.2899806   0.08507144 -0.99363   ] right_ee=[0.00980071 0.00980352]
step=229 env=0 left_arm=[-0.02283478 -0.03065617 -0.03493131  0.02489354 -0.0043071   0.00279852] left_ee=[0.04399656 0.04399727] right_arm=[ 0.77823424  2.220548    1.8059669  -1.2837423   0.08528587 -0.99404466] right_ee=[0.00735236 0.00737944]
step=230 env=0 left_arm=[-0.02302605 -0.02918938 -0.03568251  0.02677569 -0.00600819  0.00311932] left_ee=[0.04399692 0.04399912] right_arm=[ 0.7724835   2.2251205   1.8118935  -1.2933233   0.08814564 -0.9926415 ] right_ee=[0.00546541 0.00544001]
step=231 env=0 left_arm=[-0.02314983 -0.02616107 -0.03244071  0.0312262  -0.00380178 -0.00393984] left_ee=[0.04399845 0.04399813] right_arm=[ 0.7742206   2.2215075   1.8117219  -1.3056325   0.08897659 -0.9919805 ] right_ee=[0.00357294 0.00359393]
step=232 env=0 left_arm=[-0.0243408  -0.02649925 -0.03057989  0.02855401 -0.00624768 -0.00013686] left_ee=[0.04399771 0.04399969] right_arm=[ 0.7698539   2.2247298   1.8244436  -1.3144009   0.09192452 -0.99736303] right_ee=[0.00194502 0.00189962]
step=233 env=0 left_arm=[-0.02398085 -0.02764359 -0.02916685  0.02823119 -0.00421653 -0.00064497] left_ee=[0.04399913 0.04399899] right_arm=[ 0.7735229   2.2162547   1.8038561  -1.2890155   0.08610558 -0.97896796] right_ee=[0.00056984 0.0006047 ]
step=234 env=0 left_arm=[-0.02353769 -0.02747849 -0.03244217  0.030353   -0.00633119  0.00143192] left_ee=[0.04399792 0.04399839] right_arm=[ 0.77326965  2.2137527   1.8295182  -1.3274919   0.0950879  -1.0001247 ] right_ee=[0. 0.]
step=235 env=0 left_arm=[-0.02301773 -0.02959171 -0.0294017   0.03159518 -0.00549717 -0.00366932] left_ee=[0.04399946 0.04399778] right_arm=[ 0.7799287   2.2285407   1.8490877  -1.3422767   0.09017156 -1.0028398 ] right_ee=[0. 0.]
step=236 env=0 left_arm=[-0.02193327 -0.03072897 -0.03017819  0.02839679 -0.00653674 -0.00406299] left_ee=[0.04399876 0.04399833] right_arm=[ 0.7815461   2.2228305   1.846277   -1.3404936   0.08855109 -1.0022116 ] right_ee=[0. 0.]
step=237 env=0 left_arm=[-0.02320052 -0.03350494 -0.03493864  0.02737011 -0.00661115 -0.00299908] left_ee=[0.04399881 0.04399683] right_arm=[ 0.782841    2.230668    1.8639909  -1.3606561   0.09630579 -1.0196497 ] right_ee=[0. 0.]
step=238 env=0 left_arm=[-0.023912   -0.0252334  -0.03229488  0.03470119 -0.00568112 -0.00089896] left_ee=[0.04399876 0.04399903] right_arm=[ 0.7813335   2.2266061   1.8800161  -1.3747699   0.09929879 -1.0157737 ] right_ee=[0. 0.]
step=239 env=0 left_arm=[-0.02400342 -0.02700897 -0.03280915  0.02923498 -0.00618958  0.00043183] left_ee=[0.04399796 0.04399963] right_arm=[ 0.7750662   2.227683    1.8893843  -1.3863976   0.10044174 -1.0129061 ] right_ee=[0. 0.]
step=240 env=0 left_arm=[-0.0237405  -0.03218523 -0.03542373  0.02242413 -0.0086493  -0.00104832] left_ee=[0.0439983  0.04399829] right_arm=[ 0.7794824   2.2252223   1.8897563  -1.392543    0.10109015 -1.0210336 ] right_ee=[0. 0.]
step=241 env=0 left_arm=[-0.02274848 -0.03277969 -0.0356985   0.02044876 -0.0086052   0.00560851] left_ee=[0.04399982 0.04399802] right_arm=[ 0.779175    2.2271247   1.8964477  -1.395281    0.10318799 -1.0098032 ] right_ee=[0. 0.]
step=242 env=0 left_arm=[-0.02419268 -0.02967553 -0.03303679  0.02623775 -0.00663114 -0.00207   ] left_ee=[0.04399729 0.04399764] right_arm=[ 0.77763194  2.2206824   1.9091765  -1.4155297   0.1003257  -1.015818  ] right_ee=[0. 0.]
step=243 env=0 left_arm=[-0.02353275 -0.03362382 -0.03081938  0.02501252 -0.00720274 -0.00765365] left_ee=[0.04399527 0.04399899] right_arm=[ 0.7810576   2.2222524   1.9237492  -1.431796    0.09558913 -1.0177376 ] right_ee=[0. 0.]
step=244 env=0 left_arm=[-0.02433394 -0.03166508 -0.03022296  0.02956517 -0.00911676 -0.00558821] left_ee=[0.0439981  0.04399767] right_arm=[ 0.77762544  2.221439    1.9414928  -1.4571277   0.10325256 -1.0150315 ] right_ee=[0. 0.]
step=245 env=0 left_arm=[-0.02220468 -0.02979665 -0.02653044  0.02772974 -0.00823858 -0.01058183] left_ee=[0.0439983  0.04399843] right_arm=[ 0.77992433  2.2113085   1.9316419  -1.4454833   0.0969649  -1.0021093 ] right_ee=[0. 0.]
step=246 env=0 left_arm=[-0.02532909 -0.02991295 -0.02734112  0.02322634 -0.0115765  -0.00483995] left_ee=[0.04399902 0.0439968 ] right_arm=[ 0.77369887  2.2097075   1.949298   -1.4689676   0.09827965 -1.018443  ] right_ee=[0. 0.]
step=247 env=0 left_arm=[-0.0249061  -0.03485772 -0.02724784  0.02174418 -0.01477552 -0.007574  ] left_ee=[0.04399738 0.0439977 ] right_arm=[ 0.77413386  2.2020993   1.9634417  -1.4825401   0.09052733 -1.0223842 ] right_ee=[0. 0.]
step=248 env=0 left_arm=[-0.02477914 -0.03833377 -0.02361527  0.01548717 -0.01498531 -0.00885871] left_ee=[0.04399956 0.04399647] right_arm=[ 0.7760111   2.1955338   1.9642587  -1.4820787   0.08705528 -1.0154145 ] right_ee=[0. 0.]
step=249 env=0 left_arm=[-0.02485109 -0.04328456 -0.0209948   0.0096649  -0.01652554 -0.00598709] left_ee=[0.04399967 0.04399859] right_arm=[ 0.7694232   2.1839366   1.9560008  -1.4793415   0.07924312 -1.0077109 ] right_ee=[0. 0.]
step=250 env=0 left_arm=[-0.02382998 -0.05012954 -0.0233924   0.00098877 -0.01857687 -0.00412132] left_ee=[0.04393004 0.04393031] right_arm=[ 0.7662187   2.1714525   1.9511082  -1.4850898   0.07020374 -1.0065296 ] right_ee=[0. 0.]
step=251 env=0 left_arm=[ 0.00529095 -0.01966489 -0.01843421  0.0069735   0.00804983 -0.01926658] left_ee=[0.04395092 0.04396603] right_arm=[ 0.69633216  2.237736    2.0046515  -1.3477153  -0.01301579 -0.8659843 ] right_ee=[2.56087e-05 0.00000e+00]
step=252 env=0 left_arm=[ 0.00550261 -0.0135325  -0.01277143  0.00887353  0.01254158 -0.02461213] left_ee=[0.0439861  0.04396245] right_arm=[ 0.680214    2.230696    1.9923193  -1.2933366  -0.061798   -0.81803244] right_ee=[2.5370323e-06 0.0000000e+00]
step=253 env=0 left_arm=[ 0.00283236 -0.0037353  -0.00663457  0.01423766  0.01711514 -0.0219342 ] left_ee=[0.04399234 0.04398231] right_arm=[ 0.6592128   2.2061558   1.9391559  -1.2087632  -0.11754573 -0.7798647 ] right_ee=[2.3963894e-06 0.0000000e+00]
step=254 env=0 left_arm=[ 0.00103946 -0.01008526 -0.00697538  0.01127876  0.01210942 -0.02167103] left_ee=[0.04398989 0.04399708] right_arm=[ 0.637659    2.1640887   1.8742651  -1.0862976  -0.1958573  -0.73178685] right_ee=[3.465238e-06 0.000000e+00]
step=255 env=0 left_arm=[-0.00230564 -0.01669911 -0.0185617   0.01749944  0.00716552 -0.01939953] left_ee=[0.04399526 0.0439957 ] right_arm=[ 0.60136443  2.1073005   1.7355255  -0.9016159  -0.3149504  -0.6538706 ] right_ee=[7.3190713e-06 0.0000000e+00]
step=256 env=0 left_arm=[-0.00555348 -0.01686837 -0.02344274  0.02349295  0.0077364  -0.02552197] left_ee=[0.04399641 0.04399604] right_arm=[ 0.5556064   2.0457585   1.5967499  -0.71412325 -0.44295025 -0.5659398 ] right_ee=[7.820019e-06 0.000000e+00]
step=257 env=0 left_arm=[-0.01026279 -0.00599834 -0.0195267   0.03150331  0.01810282 -0.01995372] left_ee=[0.0439893  0.04399659] right_arm=[ 0.5201547   2.013724    1.5011811  -0.52665424 -0.55538726 -0.5013849 ] right_ee=[2.33749e-06 0.00000e+00]
step=258 env=0 left_arm=[-0.0081706  -0.02206427 -0.02508221  0.02740876  0.00487833 -0.03020053] left_ee=[0.04397975 0.0439904 ] right_arm=[ 0.48547685  1.9510959   1.3797317  -0.3370313  -0.69028735 -0.40255374] right_ee=[3.59982e-06 0.00000e+00]
step=259 env=0 left_arm=[-0.00822463 -0.03408549 -0.02126237  0.0245625  -0.00091865 -0.026146  ] left_ee=[0.0439974  0.04398333] right_arm=[ 0.456534    1.8976303   1.2627395  -0.14629437 -0.790168   -0.33272386] right_ee=[2.8300246e-07 0.0000000e+00]
step=260 env=0 left_arm=[-0.00505264 -0.04165604 -0.02200353  0.02020726 -0.01182589 -0.02766861] left_ee=[0.04399762 0.04399072] right_arm=[ 0.42268765  1.8420712   1.1392605   0.0461864  -0.90903646 -0.25731158] right_ee=[3.7033453e-07 0.0000000e+00]
step=261 env=0 left_arm=[-0.00244315 -0.05229428 -0.02419735  0.01691847 -0.02051962 -0.03365947] left_ee=[0.044      0.04399142] right_arm=[ 0.40065646  1.8145609   1.0440197   0.2390755  -1.0028387  -0.19771948] right_ee=[0.000000e+00 9.179203e-07]
step=262 env=0 left_arm=[ 0.0018761  -0.06586493 -0.03042029  0.00710911 -0.03202506 -0.03500803] left_ee=[0.044      0.04398911] right_arm=[ 0.3765125  1.7702336  0.9578948  0.4315951 -1.0921619 -0.1411953] right_ee=[0.0000000e+00 3.6605275e-06]
step=263 env=0 left_arm=[ 3.7714047e-03 -7.0634261e-02 -2.9909723e-02  1.1151133e-06
 -4.2032052e-02 -3.1218020e-02] left_ee=[0.044      0.04398883] right_arm=[ 0.36409035  1.7227573   0.8906177   0.6188278  -1.1511755  -0.0949643 ] right_ee=[0.0000000e+00 6.1634983e-06]
step=264 env=0 left_arm=[ 0.00513254 -0.07936343 -0.03488322 -0.00087829 -0.04597131 -0.03005098] left_ee=[0.04399988 0.04399021] right_arm=[ 0.35615623  1.7114904   0.85882384  0.7364372  -1.1855408  -0.06517003] right_ee=[0.000000e+00 1.208801e-06]
step=265 env=0 left_arm=[ 0.00398701 -0.07712286 -0.03271412 -0.00420291 -0.04735602 -0.02551134] left_ee=[0.04399961 0.04399224] right_arm=[ 0.35177106  1.6878827   0.82793695  0.7959177  -1.2149875  -0.0467164 ] right_ee=[0.0000000e+00 2.4713774e-08]
step=266 env=0 left_arm=[ 0.00569513 -0.07912391 -0.03425647 -0.00475194 -0.04706558 -0.0288938 ] left_ee=[0.04399858 0.04399826] right_arm=[ 0.35289878  1.6839429   0.81466466  0.8241984  -1.2284896  -0.03724151] right_ee=[0. 0.]
step=267 env=0 left_arm=[ 0.00736305 -0.090764   -0.0361428  -0.00616464 -0.06206375 -0.03081066] left_ee=[0.04399741 0.04398999] right_arm=[ 0.34779054  1.6653553   0.7775136   0.88421303 -1.264916   -0.00752561] right_ee=[0. 0.]
step=268 env=0 left_arm=[ 0.01004711 -0.09886035 -0.03606513 -0.0135238  -0.07264471 -0.03071856] left_ee=[0.044      0.04399125] right_arm=[ 0.35161626  1.6450162   0.7615174   0.9010649  -1.2685504  -0.00595438] right_ee=[0. 0.]
step=269 env=0 left_arm=[ 0.01084237 -0.10012362 -0.03607477 -0.00939304 -0.07039785 -0.03279157] left_ee=[0.04399894 0.04398793] right_arm=[ 0.35115507  1.6466589   0.75111926  0.92215204 -1.2795415   0.00454377] right_ee=[0. 0.]
step=270 env=0 left_arm=[ 0.01113131 -0.09533496 -0.03611726 -0.01334654 -0.06600118 -0.02950843] left_ee=[0.04399782 0.0439951 ] right_arm=[ 0.35458535  1.6446214   0.7515273   0.9286337  -1.2770964   0.00999279] right_ee=[0. 0.]
step=271 env=0 left_arm=[ 0.01035593 -0.09682272 -0.03609507 -0.01068677 -0.06717473 -0.02930562] left_ee=[0.04399691 0.04399951] right_arm=[ 0.35515857  1.6381655   0.74175704  0.93811953 -1.2793502   0.01580102] right_ee=[0. 0.]
step=272 env=0 left_arm=[ 0.00776348 -0.07920114 -0.03626433 -0.00462543 -0.05070765 -0.0236982 ] left_ee=[0.0439879  0.04399589] right_arm=[ 0.35640037  1.6444181   0.74573684  0.94357914 -1.2792832   0.0168696 ] right_ee=[0. 0.]
step=273 env=0 left_arm=[ 0.0097882  -0.08327084 -0.03622701 -0.00638831 -0.05450412 -0.02952915] left_ee=[0.04397921 0.04399579] right_arm=[ 0.35817423  1.6442437   0.7448983   0.94727755 -1.2828149   0.01975241] right_ee=[0. 0.]
step=274 env=0 left_arm=[ 0.00736507 -0.07219329 -0.03630914 -0.00321762 -0.04659406 -0.02843665] left_ee=[0.04399301 0.04398747] right_arm=[ 0.36568362  1.641275    0.7426736   0.94314414 -1.2752186   0.01640941] right_ee=[0. 0.]
step=275 env=0 left_arm=[ 0.00515901 -0.06853846 -0.03635103  0.00129425 -0.04296373 -0.02685637] left_ee=[0.04399141 0.04399839] right_arm=[ 0.36735007  1.633271    0.7382242   0.94483364 -1.2712485   0.01934567] right_ee=[0. 0.]
step=276 env=0 left_arm=[ 0.00282625 -0.04869891 -0.03458493  0.00562025 -0.0257119  -0.02580802] left_ee=[0.04398768 0.04399816] right_arm=[ 0.3703042  1.6363142  0.7441879  0.9343587 -1.2619267  0.0101136] right_ee=[0. 0.]
step=277 env=0 left_arm=[ 0.00157936 -0.04220015 -0.03341661  0.0071322  -0.01627851 -0.02855047] left_ee=[0.04398431 0.04399849] right_arm=[ 0.37211454  1.6343608   0.74335897  0.9402809  -1.2607917   0.01749165] right_ee=[0. 0.]
step=278 env=0 left_arm=[-0.00445095 -0.00983504 -0.02000457  0.01416197  0.00792528 -0.02243053] left_ee=[0.0439802  0.04399703] right_arm=[ 0.37569633  1.6372073   0.7462621   0.9321924  -1.2511299   0.0109215 ] right_ee=[0. 0.]
step=279 env=0 left_arm=[-0.00912517  0.01929105 -0.00167753  0.02067774  0.02935435 -0.01550558] left_ee=[0.04398115 0.04399958] right_arm=[ 0.37886485  1.6405473   0.75023216  0.9262992  -1.2445818   0.00387507] right_ee=[0. 0.]
step=280 env=0 left_arm=[-0.02901117  0.11313386  0.04645771  0.04378979  0.10979655 -0.0053955 ] left_ee=[0.0439427 0.044    ] right_arm=[ 0.38314372  1.6433551   0.75262696  0.91816366 -1.2376573   0.00342429] right_ee=[0. 0.]
step=281 env=0 left_arm=[-0.04392038  0.19307072  0.08454468  0.06773295  0.17217015  0.01140046] left_ee=[0.04395381 0.044     ] right_arm=[ 3.8246456e-01  1.6447159e+00  7.6076621e-01  9.1291475e-01
 -1.2283235e+00  1.2517743e-03] right_ee=[0. 0.]
step=282 env=0 left_arm=[-0.06508763  0.29501027  0.1422222   0.09651189  0.25120446  0.03284556] left_ee=[0.04395062 0.044     ] right_arm=[ 0.3833303   1.636264    0.7577736   0.9144322  -1.2229505  -0.00284519] right_ee=[0. 0.]
step=283 env=0 left_arm=[-0.09486827  0.43712488  0.22173233  0.13365215  0.36536014  0.05846708] left_ee=[0.04394524 0.044     ] right_arm=[ 0.3825298   1.6328737   0.7532054   0.9079627  -1.2197007  -0.00367137] right_ee=[0. 0.]
step=284 env=0 left_arm=[-0.12345278  0.5718325   0.29460672  0.16811757  0.46844912  0.07936628] left_ee=[0.04396085 0.044     ] right_arm=[ 0.38397765  1.6232159   0.7471298   0.9074811  -1.2132046   0.00221174] right_ee=[0. 0.]
step=285 env=0 left_arm=[-0.16295822  0.75048715  0.4041314   0.22255228  0.62523305  0.10760576] left_ee=[0.04391582 0.044     ] right_arm=[ 3.8037813e-01  1.6160887e+00  7.4868441e-01  9.0696639e-01
 -1.2119527e+00  4.5909570e-04] right_ee=[0. 0.]
step=286 env=0 left_arm=[-0.19075352  0.9110268   0.47986895  0.25809222  0.74072486  0.13799894] left_ee=[0.044 0.044] right_arm=[ 0.37951228  1.6155926   0.7528394   0.91021085 -1.2074486   0.00273627] right_ee=[0. 0.]
step=287 env=0 left_arm=[-0.21814138  1.0471236   0.5516213   0.29748154  0.8440191   0.16158667] left_ee=[0.044 0.044] right_arm=[ 0.37982967  1.614939    0.7504137   0.9087437  -1.2038221   0.0031239 ] right_ee=[0. 0.]
step=288 env=0 left_arm=[-0.23749262  1.1421542   0.6002474   0.32799688  0.917091    0.18007624] left_ee=[0.044 0.044] right_arm=[ 0.37972054  1.6146344   0.74719304  0.9107759  -1.204173    0.00615116] right_ee=[0. 0.]
step=289 env=0 left_arm=[-0.26605567  1.2722802   0.6710446   0.36380577  1.0170876   0.19788343] left_ee=[0.044      0.04399211] right_arm=[ 0.3782553   1.6107674   0.7441459   0.90818995 -1.2048628   0.01356758] right_ee=[0. 0.]
step=290 env=0 left_arm=[-0.2813052  1.3468618  0.7090936  0.38905    1.0727546  0.2171734] left_ee=[0.044      0.04398666] right_arm=[ 0.37633294  1.6208137   0.74458206  0.90943587 -1.2071555   0.01373513] right_ee=[0. 0.]
step=291 env=0 left_arm=[-0.299936    1.4219213   0.75021553  0.4034247   1.1237091   0.23329192] left_ee=[0.044      0.04398293] right_arm=[ 0.3758301   1.6226859   0.7430498   0.9005859  -1.2036084   0.01401467] right_ee=[0. 0.]
step=292 env=0 left_arm=[-0.3090003   1.4635673   0.77162135  0.40993735  1.1578596   0.23523861] left_ee=[0.044      0.04398666] right_arm=[ 0.37561807  1.6193396   0.7406307   0.90763056 -1.2104889   0.01861804] right_ee=[0. 0.]
step=293 env=0 left_arm=[-0.3176315   1.5018319   0.7910437   0.4161607   1.1780806   0.25372297] left_ee=[0.044      0.04398563] right_arm=[ 0.37536556  1.623912    0.74417406  0.8993496  -1.2090774   0.01214812] right_ee=[0. 0.]
step=294 env=0 left_arm=[-0.32941714  1.53176     0.8085306   0.42969722  1.1997702   0.25652084] left_ee=[0.044      0.04398451] right_arm=[ 0.3739695   1.6319427   0.7435179   0.89707315 -1.2096221   0.01153728] right_ee=[0. 0.]
step=295 env=0 left_arm=[-0.34124103  1.5812882   0.8330687   0.435986    1.2331599   0.27294162] left_ee=[0.044      0.04398471] right_arm=[ 0.37302753  1.6288707   0.7353107   0.90156466 -1.2137344   0.01341621] right_ee=[0. 0.]
step=296 env=0 left_arm=[-0.34862328  1.5964692   0.84169     0.442606    1.2420236   0.28291896] left_ee=[0.044      0.04397948] right_arm=[ 0.37307942  1.6418191   0.7409561   0.8973726  -1.2133342   0.01187703] right_ee=[0. 0.]
step=297 env=0 left_arm=[-0.35892534  1.6231376   0.84945256  0.4645128   1.2623321   0.2766607 ] left_ee=[0.044      0.04399069] right_arm=[ 0.3726379   1.6390909   0.74150646  0.90609956 -1.2203876   0.01006227] right_ee=[0. 0.]
step=298 env=0 left_arm=[-0.36593163  1.6346607   0.85582256  0.4688729   1.2725081   0.27508047] left_ee=[0.044      0.04399416] right_arm=[ 0.37233865  1.6450924   0.74158907  0.9121268  -1.2219757   0.01306976] right_ee=[0. 0.]
step=299 env=0 left_arm=[-0.36456594  1.6402111   0.859766    0.45674932  1.2697457   0.2966505 ] left_ee=[0.04373404 0.04374717] right_arm=[ 0.36888197  1.6421826   0.74501324  0.9029868  -1.2208359   0.00630673] right_ee=[0. 0.]
step=300 env=0 left_arm=[-0.36977822  1.6458277   0.86342347  0.45731553  1.2724036   0.29544565] left_ee=[0.04312084 0.04310526] right_arm=[ 0.36806253  1.6332042   0.7321773   0.9148212  -1.2241453   0.01061043] right_ee=[0. 0.]
