step=1 env=0 left_arm=[-0.01523262  0.00177488 -0.00549913 -0.02730931 -0.02892135  0.04952636] left_ee=[0.044 0.044] right_arm=[ 0.00097757 -0.04506569  0.00087214 -0.0475652  -0.00997119 -0.02533762] right_ee=[0.04399987 0.04399326]
step=2 env=0 left_arm=[-0.01672965  0.02058818  0.0059892  -0.03955223 -0.03446583  0.07459468] left_ee=[0.044      0.04399917] right_arm=[ 0.00123067 -0.05055318  0.00115606 -0.05284537 -0.01099108 -0.02772091] right_ee=[0.04399977 0.04399089]
step=3 env=0 left_arm=[-0.01952309  0.08122595  0.04810227 -0.07912251 -0.0445664   0.13782647] left_ee=[0.044 0.044] right_arm=[-1.4999286e-05 -5.0945852e-02 -4.9269190e-03 -5.1641874e-02
 -9.9681187e-03 -2.6187923e-02] right_ee=[0.04399836 0.04399513]
step=4 env=0 left_arm=[-0.02085989  0.1444559   0.09352686 -0.12284887 -0.0541745   0.20426357] left_ee=[0.044 0.044] right_arm=[-0.00095243 -0.04749527 -0.00766487 -0.04888087 -0.00731688 -0.02277655] right_ee=[0.0439976  0.04399834]
step=5 env=0 left_arm=[-0.02376714  0.23018701  0.15454455 -0.17629097 -0.05929932  0.2836094 ] left_ee=[0.044 0.044] right_arm=[-0.00320932 -0.05055349 -0.01133273 -0.04524808 -0.00490043 -0.01597588] right_ee=[0.04399649 0.04399955]
step=6 env=0 left_arm=[-0.02646608  0.32762957  0.22205861 -0.23594096 -0.06408167  0.37523738] left_ee=[0.044 0.044] right_arm=[-0.00493368 -0.0486964  -0.01303017 -0.04192752 -0.00271891 -0.01066282] right_ee=[0.04399613 0.04399952]
step=7 env=0 left_arm=[-0.03161145  0.43982276  0.30176902 -0.30485135 -0.06619354  0.47616172] left_ee=[0.044 0.044] right_arm=[-0.00649293 -0.04273161 -0.01452417 -0.03986644  0.00016753 -0.00762775] right_ee=[0.04399676 0.04399958]
step=8 env=0 left_arm=[-0.03718615  0.5675322   0.39334983 -0.3845934  -0.06650899  0.5917451 ] left_ee=[0.044 0.044] right_arm=[-0.00813323 -0.03596743 -0.01279593 -0.04143132  0.00139452 -0.00953811] right_ee=[0.04399631 0.04399936]
step=9 env=0 left_arm=[-0.04181992  0.6942433   0.48443657 -0.46401307 -0.06651793  0.70808053] left_ee=[0.044 0.044] right_arm=[-0.00947899 -0.02959418 -0.01278999 -0.04271178  0.00171788 -0.01185723] right_ee=[0.04399637 0.0439993 ]
step=10 env=0 left_arm=[-0.04762178  0.8390374   0.58717084 -0.5535123  -0.06589679  0.8350838 ] left_ee=[0.044 0.044] right_arm=[-0.01015413 -0.0233923  -0.01299603 -0.04350199  0.00470401 -0.01246713] right_ee=[0.04399759 0.04399938]
step=11 env=0 left_arm=[-0.05713463  0.999886    0.7059484  -0.6490361  -0.06330615  0.9686831 ] left_ee=[0.044      0.04399501] right_arm=[-0.00990038 -0.01520737 -0.01338297 -0.03975989  0.00606589 -0.01333905] right_ee=[0.0439964  0.04399966]
step=12 env=0 left_arm=[-0.06416782  1.1597142   0.82245785 -0.7410001  -0.05954937  1.0977176 ] left_ee=[0.044      0.04398091] right_arm=[-0.00871649 -0.00514734 -0.00957292 -0.03608697  0.0061138  -0.01565843] right_ee=[0.04399684 0.04399888]
step=13 env=0 left_arm=[-0.06518749  1.3139797   0.9354434  -0.8296231  -0.05340807  1.2228438 ] left_ee=[0.044      0.04396109] right_arm=[-0.00729999  0.00433543 -0.00746522 -0.03277896  0.00575221 -0.01706701] right_ee=[0.04399827 0.04399839]
step=14 env=0 left_arm=[-0.06832202  1.4491683   1.0360335  -0.90758723 -0.04678895  1.3257557 ] left_ee=[0.044      0.04395293] right_arm=[-0.00572282  0.01129232 -0.00526069 -0.02991015  0.00558378 -0.01658897] right_ee=[0.04399967 0.04399841]
step=15 env=0 left_arm=[-0.07198323  1.5616832   1.1158098  -0.96812654 -0.04312795  1.4123006 ] left_ee=[0.044      0.04395383] right_arm=[-0.00463824  0.01538758 -0.00457321 -0.0271318   0.00595034 -0.0178803 ] right_ee=[0.04399979 0.04399829]
step=16 env=0 left_arm=[-0.07877041  1.6536263   1.1779407  -1.0151824  -0.03880776  1.4785078 ] left_ee=[0.044     0.0439587] right_arm=[-0.00440424  0.01554377 -0.00559117 -0.024195    0.00743674 -0.01848901] right_ee=[0.04399932 0.04399824]
step=17 env=0 left_arm=[-0.0826537   1.7221549   1.222286   -1.0498341  -0.03645547  1.5316344 ] left_ee=[0.044     0.0439675] right_arm=[-0.00426062  0.01272543 -0.00713027 -0.02275113  0.00987983 -0.01719119] right_ee=[0.04399869 0.04399927]
step=18 env=0 left_arm=[-0.08789934  1.7731354   1.2532895  -1.0736217  -0.03563907  1.57259   ] left_ee=[0.04327901 0.04323765] right_arm=[-0.00474545  0.00800092 -0.00719524 -0.02281945  0.01277388 -0.01499048] right_ee=[0.04399778 0.04399967]
step=19 env=0 left_arm=[-0.09208842  1.8112411   1.2747588  -1.091263   -0.03584517  1.6037376 ] left_ee=[0.04141531 0.04136326] right_arm=[-0.00563532  0.00049146 -0.00790698 -0.0227091   0.01548344 -0.01216875] right_ee=[0.04399751 0.04399965]
step=20 env=0 left_arm=[-0.09923547  1.8382457   1.288202   -1.0997012  -0.03549409  1.6229011 ] left_ee=[0.03873375 0.03869214] right_arm=[-0.00628088 -0.00554915 -0.00842026 -0.02215006  0.01747485 -0.01007641] right_ee=[0.04399708 0.04399958]
step=21 env=0 left_arm=[-0.10501505  1.8558316   1.2966666  -1.1050738  -0.03692361  1.6411396 ] left_ee=[0.03549749 0.0354628 ] right_arm=[-0.00722626 -0.01155195 -0.0116218  -0.02102116  0.0184556  -0.00789504] right_ee=[0.04399727 0.04399956]
step=22 env=0 left_arm=[-0.10950693  1.8680105   1.3042855  -1.1092867  -0.03902198  1.6529235 ] left_ee=[0.03199598 0.03197565] right_arm=[-0.00775914 -0.01667393 -0.0139847  -0.02113216  0.02013068 -0.00532862] right_ee=[0.0439977  0.04399959]
step=23 env=0 left_arm=[-0.1138254   1.875142    1.3095335  -1.1125001  -0.04118591  1.6581713 ] left_ee=[0.02847151 0.02845555] right_arm=[-0.00818224 -0.0194491  -0.01665286 -0.02132359  0.02179961 -0.00385507] right_ee=[0.04399783 0.04399972]
step=24 env=0 left_arm=[-0.11747829  1.8774387   1.3105834  -1.113643   -0.04281912  1.6606585 ] left_ee=[0.02498479 0.02496976] right_arm=[-0.00880741 -0.02174922 -0.01857612 -0.02122338  0.0234294  -0.00354543] right_ee=[0.04399829 0.04399969]
step=25 env=0 left_arm=[-0.12037698  1.8788886   1.3118314  -1.1138387  -0.04460763  1.6623989 ] left_ee=[0.0215294 0.0215249] right_arm=[-0.00922166 -0.02459989 -0.0212689  -0.02011408  0.02454813 -0.00198297] right_ee=[0.04399796 0.04399974]
step=26 env=0 left_arm=[-0.12356697  1.8802085   1.3149146  -1.115614   -0.04569478  1.6636865 ] left_ee=[0.01824808 0.01824879] right_arm=[-0.00942255 -0.0271806  -0.02326325 -0.0186604   0.02547705 -0.00043762] right_ee=[0.04399814 0.04399967]
step=27 env=0 left_arm=[-0.12670682  1.8810211   1.317402   -1.1172822  -0.04635748  1.6646643 ] left_ee=[0.01524894 0.01524782] right_arm=[-0.00957766 -0.02951546 -0.02516353 -0.01759303  0.02561728  0.00081793] right_ee=[0.04399831 0.04399968]
step=28 env=0 left_arm=[-0.12906522  1.8805764   1.3195983  -1.1198059  -0.04729779  1.6648899 ] left_ee=[0.01257616 0.01257467] right_arm=[-0.00970905 -0.03135365 -0.02591701 -0.01701492  0.02629333  0.00174396] right_ee=[0.04399905 0.04399953]
step=29 env=0 left_arm=[-0.13081111  1.8790504   1.3213398  -1.1228547  -0.04805591  1.6645308 ] left_ee=[0.01016372 0.01016348] right_arm=[-0.00949636 -0.03251841 -0.02700855 -0.01629107  0.0268912   0.00251221] right_ee=[0.04399896 0.04399988]
step=30 env=0 left_arm=[-0.1331212  1.8781791  1.3245131 -1.1267189 -0.0486421  1.6644324] left_ee=[0.00799526 0.00800052] right_arm=[-0.00955583 -0.03340817 -0.02740135 -0.01607179  0.02722288  0.00274204] right_ee=[0.04399937 0.04399976]
step=31 env=0 left_arm=[-0.13542478  1.8773888   1.3278518  -1.1304841  -0.04934179  1.6651978 ] left_ee=[0.00605628 0.00606131] right_arm=[-0.00947106 -0.03485237 -0.02795898 -0.01569012  0.02756131  0.00334478] right_ee=[0.0439994  0.04399989]
step=32 env=0 left_arm=[-0.13800696  1.876677    1.3307852  -1.1340775  -0.0500123   1.6655912 ] left_ee=[0.00436473 0.00436821] right_arm=[-0.00940499 -0.03527845 -0.02818729 -0.01539059  0.02782567  0.00353651] right_ee=[0.04399956 0.04399992]
step=33 env=0 left_arm=[-0.14052327  1.8776137   1.3360193  -1.1396486  -0.05007241  1.6657587 ] left_ee=[0.00291394 0.00292003] right_arm=[-0.00919229 -0.03584108 -0.02802357 -0.01473581  0.02783779  0.00381715] right_ee=[0.04399954 0.0439998 ]
step=34 env=0 left_arm=[-0.14289273  1.8784106   1.3431431  -1.1463739  -0.05112631  1.6665465 ] left_ee=[0.00166081 0.00166855] right_arm=[-0.00923183 -0.03642707 -0.02749831 -0.01503567  0.02832257  0.00385595] right_ee=[0.04399967 0.0439995 ]
step=35 env=0 left_arm=[-0.14519835  1.8792961   1.3515464  -1.1542602  -0.05231312  1.6672527 ] left_ee=[0.00064773 0.00065455] right_arm=[-0.00905057 -0.03651996 -0.02701137 -0.01450013  0.02856558  0.00398511] right_ee=[0.04399947 0.0439999 ]
step=36 env=0 left_arm=[-0.14709303  1.8799036   1.3615371  -1.1638334  -0.05324464  1.6682147 ] left_ee=[0. 0.] right_arm=[-0.00873    -0.03666983 -0.02644433 -0.01402505  0.028505    0.00408886] right_ee=[0.04399952 0.04399965]
step=37 env=0 left_arm=[-0.14981937  1.8811431   1.3724197  -1.1734233  -0.05382276  1.6675608 ] left_ee=[0. 0.] right_arm=[-0.00835285 -0.03645314 -0.02578938 -0.0133202   0.02843271  0.00411591] right_ee=[0.04399982 0.04399959]
step=38 env=0 left_arm=[-0.15264156  1.8811295   1.3828039  -1.1803389  -0.05181712  1.6637    ] left_ee=[0. 0.] right_arm=[-0.00812274 -0.03667601 -0.02613104 -0.01243435  0.02884204  0.004542  ] right_ee=[0.0439999  0.04399943]
step=39 env=0 left_arm=[-0.15572384  1.8800788   1.3915035  -1.1836249  -0.04702212  1.6558375 ] left_ee=[0. 0.] right_arm=[-0.00788218 -0.03646525 -0.0263023  -0.01193312  0.02924078  0.00410147] right_ee=[0.04399989 0.04399981]
step=40 env=0 left_arm=[-0.1578336  1.8785522  1.3992641 -1.1854391 -0.0411566  1.646988 ] left_ee=[0. 0.] right_arm=[-0.00762625 -0.03698279 -0.02632831 -0.01139841  0.02979164  0.00365793] right_ee=[0.04399991 0.04399992]
step=41 env=0 left_arm=[-0.15985826  1.8768041   1.4057289  -1.1863872  -0.03467331  1.6379999 ] left_ee=[0. 0.] right_arm=[-0.00725971 -0.03668685 -0.02614965 -0.01065004  0.02989388  0.00352986] right_ee=[0.04399969 0.04399969]
step=42 env=0 left_arm=[-0.16190128  1.8738902   1.4098691  -1.1830959  -0.02584253  1.6267821 ] left_ee=[0. 0.] right_arm=[-0.00705744 -0.03647432 -0.02600377 -0.010231    0.03036642  0.00308307] right_ee=[0.04399989 0.04399953]
step=43 env=0 left_arm=[-0.16355143  1.8713117   1.414693   -1.1798111  -0.01586641  1.6142068 ] left_ee=[0. 0.] right_arm=[-0.00661363 -0.03576288 -0.02612515 -0.00944255  0.03016741  0.00296297] right_ee=[0.04399956 0.04399945]
step=44 env=0 left_arm=[-0.16565657  1.8682822   1.419668   -1.1754404  -0.00528889  1.5991443 ] left_ee=[0. 0.] right_arm=[-0.00610328 -0.03525852 -0.02549968 -0.00971736  0.03033641  0.00283355] right_ee=[0.04399987 0.0439994 ]
step=45 env=0 left_arm=[-0.16742602  1.8654495   1.4225359  -1.1674812   0.00713403  1.5823555 ] left_ee=[0. 0.] right_arm=[-0.00564439 -0.03534773 -0.02565048 -0.00883958  0.03038708  0.00294636] right_ee=[0.04399993 0.04399959]
step=46 env=0 left_arm=[-0.1692571   1.8611182   1.4246042  -1.1566125   0.02123379  1.561835  ] left_ee=[0. 0.] right_arm=[-0.00499962 -0.03524512 -0.02532609 -0.00818463  0.03003007  0.00326921] right_ee=[0.04399993 0.04399917]
step=47 env=0 left_arm=[-0.17096339  1.8556126   1.424908   -1.1417966   0.03756931  1.5372345 ] left_ee=[0. 0.] right_arm=[-0.00441058 -0.03565538 -0.02494932 -0.00839621  0.02943487  0.00294893] right_ee=[0.04399997 0.04399909]
step=48 env=0 left_arm=[-0.17245984  1.8503281   1.4241226  -1.1253096   0.05495663  1.5107206 ] left_ee=[0. 0.] right_arm=[-0.00387458 -0.03561496 -0.02475535 -0.00891557  0.02912976  0.00226062] right_ee=[0.04399993 0.04399913]
step=49 env=0 left_arm=[-0.1743112   1.8444016   1.4216872  -1.1035241   0.07583703  1.480138  ] left_ee=[0. 0.] right_arm=[-0.00323578 -0.03559564 -0.02416778 -0.00898153  0.02866776  0.00166616] right_ee=[0.04399996 0.04399911]
step=50 env=0 left_arm=[-0.17625415  1.8373652   1.4179184  -1.0793552   0.09869809  1.4483457 ] left_ee=[0. 0.] right_arm=[-0.00247148 -0.03546846 -0.02329399 -0.00917582  0.02772495  0.00127552] right_ee=[0.04399999 0.04399871]
step=51 env=0 left_arm=[-0.18335354  1.8293356   1.4097295  -1.0438818   0.1269488   1.4041302 ] left_ee=[0.0000000e+00 2.5697145e-07] right_arm=[-0.00188054 -0.03601829 -0.02356415 -0.00792061  0.02657005  0.00127075] right_ee=[0.044      0.04399876]
step=52 env=0 left_arm=[-0.1909306   1.8202752   1.3981463  -1.0015998   0.15901965  1.3539886 ] left_ee=[0.00000e+00 4.97819e-07] right_arm=[-0.00127952 -0.03571833 -0.02359714 -0.00615583  0.02493589  0.0010238 ] right_ee=[0.044      0.04399847]
step=53 env=0 left_arm=[-0.19844146  1.8110873   1.3827467  -0.9488576   0.19801089  1.2992184 ] left_ee=[0.000000e+00 7.752562e-07] right_arm=[-0.00096718 -0.03727992 -0.0240664  -0.00413737  0.02358142  0.00146914] right_ee=[0.044     0.0439984]
step=54 env=0 left_arm=[-0.20544292  1.8017571   1.3646438  -0.8862773   0.24108972  1.2434028 ] left_ee=[0.00000e+00 8.72885e-07] right_arm=[-0.00060806 -0.03778001 -0.02463545 -0.00192603  0.02209054  0.00205349] right_ee=[0.044     0.0439988]
step=55 env=0 left_arm=[-0.21352945  1.7902249   1.3415637  -0.8108688   0.28881916  1.1795216 ] left_ee=[0.0000000e+00 1.1608449e-06] right_arm=[-1.0478373e-04 -3.8751751e-02 -2.5482567e-02 -9.7710668e-05
  2.0332003e-02  2.8606886e-03] right_ee=[0.044      0.04399851]
step=56 env=0 left_arm=[-0.22226436  1.7757035   1.3120242  -0.7204678   0.3424313   1.1085992 ] left_ee=[0.0000000e+00 1.3593959e-06] right_arm=[ 0.00042309 -0.0410564  -0.02687548  0.00370662  0.01805688  0.00527214] right_ee=[0.044      0.04399821]
step=57 env=0 left_arm=[-0.23162979  1.7585002   1.274579   -0.60943484  0.40417013  1.0260637 ] left_ee=[0.0000000e+00 1.6859918e-06] right_arm=[ 0.00062656 -0.04369562 -0.0286174   0.00809593  0.01606549  0.00877697] right_ee=[0.044      0.04399815]
step=58 env=0 left_arm=[-0.24140465  1.7402905   1.2308575  -0.48400775  0.47163498  0.93530047] left_ee=[0.0000000e+00 1.7033158e-06] right_arm=[ 0.00069856 -0.04687756 -0.02992044  0.01161071  0.01486764  0.01224529] right_ee=[0.044      0.04399831]
step=59 env=0 left_arm=[-0.2523922   1.722807    1.1822041  -0.34425223  0.5462401   0.8361732 ] left_ee=[0.0000000e+00 1.5980846e-06] right_arm=[ 0.00056984 -0.05240605 -0.03193172  0.01507691  0.01455668  0.01628439] right_ee=[0.044     0.0439986]
step=60 env=0 left_arm=[-0.26262745  1.7072059   1.1338317  -0.20433939  0.6199292   0.73765683] left_ee=[0.0000000e+00 1.2237834e-06] right_arm=[ 0.0002858  -0.05720964 -0.03417219  0.01576301  0.01536905  0.01865791] right_ee=[0.04399927 0.04399902]
step=61 env=0 left_arm=[-0.27262115  1.6918381   1.0856239  -0.06552982  0.6941303   0.6392076 ] left_ee=[0.0000000e+00 9.3303873e-07] right_arm=[-0.00015922 -0.06326251 -0.0362235   0.01478692  0.01788057  0.01961291] right_ee=[0.04399782 0.04399963]
step=62 env=0 left_arm=[-0.28276378  1.6804549   1.0429239   0.06043344  0.76228684  0.5492121 ] left_ee=[0.0000000e+00 6.1696386e-07] right_arm=[-0.00067682 -0.06813066 -0.03618244  0.01167892  0.02134881  0.01999391] right_ee=[0.04399743 0.04399983]
step=63 env=0 left_arm=[-0.292874    1.6714454   1.0038091   0.17614125  0.8258152   0.46613947] left_ee=[0.0000000e+00 4.1365283e-07] right_arm=[-0.00077109 -0.07190301 -0.03615149  0.00851562  0.02402094  0.02002845] right_ee=[0.04399676 0.04399968]
step=64 env=0 left_arm=[-0.30259946  1.6656413   0.96971625  0.2781549   0.8834317   0.39338788] left_ee=[0.0000000e+00 2.0953692e-07] right_arm=[-0.00108527 -0.07471947 -0.03612543  0.00447928  0.0259666   0.01970075] right_ee=[0.04399716 0.04399954]
step=65 env=0 left_arm=[-0.31104255  1.6619385   0.9408182   0.36445     0.9335489   0.33095247] left_ee=[0.00000e+00 4.49993e-09] right_arm=[-0.00179415 -0.07861221 -0.03608819  0.0002533   0.02858885  0.01911725] right_ee=[0.04399769 0.04399965]
step=66 env=0 left_arm=[-0.31883097  1.6612618   0.9166368   0.43919864  0.97694606  0.277609  ] left_ee=[0. 0.] right_arm=[-0.00217581 -0.08100833 -0.03606017 -0.00326431  0.03011757  0.01853166] right_ee=[0.04399702 0.04399963]
step=67 env=0 left_arm=[-0.32559335  1.6623437   0.8973251   0.5002342   1.0122751   0.23521909] left_ee=[0. 0.] right_arm=[-0.00233901 -0.08286747 -0.03603664 -0.00607316  0.03069742  0.01783709] right_ee=[0.04399719 0.04399949]
step=68 env=0 left_arm=[-0.33147615  1.6641955   0.8820215   0.5480434   1.0397158   0.20173548] left_ee=[0. 0.] right_arm=[-0.00206295 -0.08338612 -0.0360342  -0.0072495   0.03011033  0.0177118 ] right_ee=[0.04399747 0.04399938]
step=69 env=0 left_arm=[-0.336511    1.6668017   0.87120444  0.58476156  1.0604724   0.17628832] left_ee=[0. 0.] right_arm=[-0.00155713 -0.08309579 -0.03604492 -0.00778171  0.02897843  0.01741376] right_ee=[0.04399856 0.04399887]
step=70 env=0 left_arm=[-0.3409009   1.6700166   0.86125803  0.6175783   1.078529    0.15446883] left_ee=[0. 0.] right_arm=[-0.00080201 -0.08010639 -0.03607019 -0.0073194   0.02652323  0.01724599] right_ee=[0.0439993  0.04399787]
step=71 env=0 left_arm=[-0.344948    1.6727744   0.8535618   0.6450948   1.0942253   0.13670115] left_ee=[0. 0.] right_arm=[ 0.00047291 -0.0750995  -0.03611336 -0.0061034   0.02318532  0.01643855] right_ee=[0.044      0.04399688]
step=72 env=0 left_arm=[-0.34879836  1.6761464   0.847043    0.66787386  1.1074389   0.12139511] left_ee=[0. 0.] right_arm=[ 0.00208623 -0.06767766 -0.03617765 -0.00366609  0.01830564  0.01602219] right_ee=[0.044     0.0439957]
step=73 env=0 left_arm=[-0.35195678  1.6784009   0.8405898   0.689545    1.1203141   0.10799915] left_ee=[0. 0.] right_arm=[ 0.00405428 -0.05795249 -0.03428805  0.00048973  0.01193089  0.01582596] right_ee=[0.044      0.04399448]
step=74 env=0 left_arm=[-0.35503596  1.6804454   0.83427143  0.709465    1.1317868   0.09599734] left_ee=[0. 0.] right_arm=[ 0.00670988 -0.04453605 -0.02848149  0.00686387  0.00285182  0.0162316 ] right_ee=[0.044      0.04399226]
step=75 env=0 left_arm=[-0.35756508  1.6817874   0.8305112   0.7195955   1.1374223   0.09000088] left_ee=[0. 0.] right_arm=[ 0.01040786 -0.02534414 -0.02024968  0.01677938 -0.01060184  0.01757449] right_ee=[0.044      0.04398889]
step=76 env=0 left_arm=[-0.35985368  1.6829187   0.8281642   0.72505915  1.1403534   0.08719496] left_ee=[0. 0.] right_arm=[ 0.01473486 -0.00253118 -0.01073175  0.0288689  -0.02661582  0.01918302] right_ee=[0.044      0.04398698]
step=77 env=0 left_arm=[-0.36196318  1.6833817   0.8263276   0.72916615  1.1417344   0.08512341] left_ee=[0. 0.] right_arm=[ 0.0201004   0.02559798  0.00144379  0.04502752 -0.04702711  0.02090967] right_ee=[0.044      0.04398375]
step=78 env=0 left_arm=[-0.36391288  1.6838938   0.82626003  0.7279557   1.1401389   0.08622443] left_ee=[0. 0.] right_arm=[ 0.02626626  0.05775387  0.01515057  0.06369467 -0.07050731  0.02303784] right_ee=[0.044      0.04398162]
step=79 env=0 left_arm=[-0.36558333  1.6843182   0.8261909   0.7266856   1.1385691   0.08641146] left_ee=[0. 0.] right_arm=[ 0.03263771  0.09098376  0.02968869  0.08323136 -0.09497004  0.02538664] right_ee=[0.044      0.04398115]
step=80 env=0 left_arm=[-0.36724088  1.6849378   0.82743335  0.7230605   1.1358211   0.08834139] left_ee=[0. 0.] right_arm=[ 0.03949656  0.12638624  0.04519685  0.1042459  -0.12099992  0.02800342] right_ee=[0.044      0.04398024]
step=81 env=0 left_arm=[-0.36865604  1.6857538   0.82909507  0.7189904   1.1333947   0.0910503 ] left_ee=[0. 0.] right_arm=[ 0.04700269  0.16497272  0.06207317  0.1275547  -0.14974326  0.03124162] right_ee=[0.044      0.04397875]
step=82 env=0 left_arm=[-0.36984468  1.6852391   0.8296929   0.7157314   1.1312699   0.09382224] left_ee=[0. 0.] right_arm=[ 0.05572299  0.20990823  0.08185083  0.15458632 -0.18324912  0.03467373] right_ee=[0.044      0.04397612]
step=83 env=0 left_arm=[-0.37078807  1.6840726   0.83092093  0.7094098   1.1281176   0.09809506] left_ee=[0. 0.] right_arm=[ 0.06493989  0.25707936  0.10265922  0.18209492 -0.21855545  0.03841592] right_ee=[0.044      0.04397575]
step=84 env=0 left_arm=[-0.3714324   1.682366    0.8323975   0.70022273  1.12428     0.10335227] left_ee=[0. 0.] right_arm=[ 0.07495423  0.30848163  0.12524004  0.21167669 -0.257142    0.04203133] right_ee=[0.044      0.04397481]
step=85 env=0 left_arm=[-0.3719153   1.6808649   0.8347508   0.6893621   1.1206374   0.10945558] left_ee=[0. 0.] right_arm=[ 0.08541264  0.36261114  0.14887783  0.24353118 -0.29802677  0.04574679] right_ee=[0.044     0.0439749]
step=86 env=0 left_arm=[-0.3723915   1.6796428   0.8385088   0.67735916  1.1171099   0.11672302] left_ee=[0. 0.] right_arm=[ 0.09579493  0.41703683  0.17306648  0.2757387  -0.3391855   0.04952056] right_ee=[0.044      0.04397638]
step=87 env=0 left_arm=[-0.37250316  1.677566    0.84203476  0.6653174   1.1126453   0.12377167] left_ee=[0. 0.] right_arm=[ 0.10529459  0.46659926  0.19487086  0.3038049  -0.3754835   0.05222303] right_ee=[0.044      0.04398025]
step=88 env=0 left_arm=[-0.37205976  1.6742145   0.846937    0.64917094  1.1042683   0.1320328 ] left_ee=[0. 0.] right_arm=[ 0.1116505   0.5018375   0.21061634  0.31977126 -0.40058306  0.05297614] right_ee=[0.044     0.0439823]
step=89 env=0 left_arm=[-0.37155423  1.6724532   0.85409015  0.6305223   1.0957116   0.14254318] left_ee=[0. 0.] right_arm=[ 0.11798767  0.53678656  0.2260873   0.33761832 -0.42713258  0.05483396] right_ee=[0.044      0.04398705]
step=90 env=0 left_arm=[-0.3709381   1.6698574   0.86190116  0.608799    1.0852779   0.15535998] left_ee=[0. 0.] right_arm=[ 0.12489918  0.5745984   0.2429647   0.35679552 -0.45605415  0.05645082] right_ee=[0.044      0.04398678]
step=91 env=0 left_arm=[-0.36968145  1.6657577   0.86800957  0.5878378   1.0752604   0.16760352] left_ee=[0. 0.] right_arm=[ 0.13414441  0.62433416  0.26501408  0.38142365 -0.49301428  0.05776254] right_ee=[0.044      0.04398489]
step=92 env=0 left_arm=[-0.36800757  1.6615224   0.8739246   0.5660082   1.0654024   0.18012498] left_ee=[0. 0.] right_arm=[ 0.14452891  0.67973435  0.28952926  0.40947357 -0.53449565  0.05907991] right_ee=[0.044      0.04398507]
step=93 env=0 left_arm=[-0.36621523  1.6568778   0.87960625  0.54479027  1.0566076   0.19282217] left_ee=[0. 0.] right_arm=[ 0.15620369  0.74032307  0.31637666  0.44215673 -0.5803702   0.06088397] right_ee=[0.044      0.04398569]
step=94 env=0 left_arm=[-0.36440423  1.6538115   0.8866092   0.5244273   1.0501705   0.20595673] left_ee=[0. 0.] right_arm=[ 0.16879746  0.80497634  0.34499395  0.4789833  -0.6303406   0.06307426] right_ee=[0.044      0.04398711]
step=95 env=0 left_arm=[-0.36237836  1.6502494   0.8925871   0.5066247   1.0458527   0.21765622] left_ee=[0. 0.] right_arm=[ 0.18214403  0.8719679   0.37449312  0.5185276  -0.68268937  0.06575095] right_ee=[0.044      0.04398934]
step=96 env=0 left_arm=[-0.3602377   1.6464033   0.89681375  0.49128634  1.042734    0.22867194] left_ee=[0. 0.] right_arm=[ 0.19445215  0.9338005   0.40204903  0.5545899  -0.73100805  0.0677002 ] right_ee=[0.044      0.04399272]
step=97 env=0 left_arm=[-0.35775566  1.641017    0.8976859   0.48074856  1.0422605   0.23623595] left_ee=[0. 0.] right_arm=[ 0.20652977  0.9955517   0.42992324  0.59089476 -0.7793403   0.06981833] right_ee=[0.044     0.0439958]
step=98 env=0 left_arm=[-0.35538483  1.635815    0.89846593  0.46984634  1.0427164   0.24469851] left_ee=[0. 0.] right_arm=[ 0.21849597  1.05491     0.4572715   0.62504655 -0.82535803  0.07128783] right_ee=[0.044      0.04399836]
step=99 env=0 left_arm=[-0.35301095  1.6312065   0.89929783  0.45991865  1.043788    0.25187275] left_ee=[0. 0.] right_arm=[ 0.22948427  1.1083915   0.4809246   0.65632606 -0.865833    0.07213025] right_ee=[0.04395051 0.04394   ]
step=100 env=0 left_arm=[-0.35039538  1.6257126   0.9002417   0.4487029   1.0442209   0.26109776] left_ee=[0. 0.] right_arm=[ 0.24071766  1.1626287   0.505191    0.6875254  -0.90675765  0.07276788] right_ee=[0.04377007 0.04375885]
step=101 env=0 left_arm=[-0.34740353  1.621127    0.9024644   0.4346799   1.043209    0.27205253] left_ee=[0. 0.] right_arm=[ 0.25035036  1.2096214   0.52631617  0.7134577  -0.94094115  0.07257267] right_ee=[0.04347365 0.04346476]
step=102 env=0 left_arm=[-0.3438163   1.6166319   0.9053802   0.41793612  1.0413209   0.2854769 ] left_ee=[0. 0.] right_arm=[ 0.25883615  1.2503853   0.544711    0.7346104  -0.9694658   0.0715455 ] right_ee=[0.04309078 0.04308601]
step=103 env=0 left_arm=[-0.34014618  1.6124223   0.9089035   0.39937845  1.0385203   0.3006143 ] left_ee=[0. 0.] right_arm=[ 0.26615372  1.2850393   0.56043583  0.7519033  -0.9927859   0.07007441] right_ee=[0.04263282 0.04263165]
step=104 env=0 left_arm=[-0.33575785  1.6091946   0.91339785  0.37820563  1.0350304   0.3177071 ] left_ee=[0. 0.] right_arm=[ 0.2722892  1.314783   0.5740051  0.7657234 -1.0117388  0.0682419] right_ee=[0.04208804 0.04208838]
step=105 env=0 left_arm=[-0.33124012  1.605995    0.91824913  0.355988    1.0303894   0.33541965] left_ee=[0. 0.] right_arm=[ 0.27723187  1.3376803   0.58448493  0.7746195  -1.0251623   0.06587634] right_ee=[0.0414492  0.04145313]
step=106 env=0 left_arm=[-0.32615495  1.6035435   0.9243499   0.3320926   1.0244547   0.35421515] left_ee=[0. 0.] right_arm=[ 0.28158474  1.3568188   0.5934314   0.78213996 -1.0360277   0.06354396] right_ee=[0.04067652 0.04068151]
step=107 env=0 left_arm=[-0.32012555  1.6005819   0.9307555   0.30637127  1.0166725   0.37349728] left_ee=[0. 0.] right_arm=[ 0.28377587  1.3665019   0.598227    0.78392166 -1.0394763   0.06053683] right_ee=[0.03983127 0.0398379 ]
step=108 env=0 left_arm=[-0.31280237  1.597357    0.93809766  0.27670532  1.0056752   0.39514133] left_ee=[0. 0.] right_arm=[ 0.28356546  1.3650901   0.59870565  0.7791887  -1.035231    0.05772947] right_ee=[0.03896361 0.038973  ]
step=109 env=0 left_arm=[-0.30489373  1.5945532   0.946364    0.24586457  0.99419725  0.41726   ] left_ee=[0. 0.] right_arm=[ 0.2819638  1.3563911  0.5964806  0.7692015 -1.0255055  0.053882 ] right_ee=[0.03799156 0.03800114]
step=110 env=0 left_arm=[-0.29557067  1.5917      0.95470816  0.21337827  0.9806443   0.44061425] left_ee=[0. 0.] right_arm=[ 0.2794476   1.3428537   0.5916534   0.75862443 -1.0126429   0.05056139] right_ee=[0.03695431 0.03696487]
step=111 env=0 left_arm=[-0.28543183  1.5893832   0.9642578   0.17630251  0.963468    0.46683878] left_ee=[0. 0.] right_arm=[ 0.2750416   1.321849    0.5836964   0.7437902  -0.9942883   0.04681877] right_ee=[0.03594667 0.03595746]
step=112 env=0 left_arm=[-0.27408144  1.5873448   0.975601    0.1351533   0.94279975  0.49626812] left_ee=[0. 0.] right_arm=[ 0.26944098  1.2944773   0.57304776  0.72594875 -0.9715127   0.04357733] right_ee=[0.03493704 0.03495027]
step=113 env=0 left_arm=[-0.26174122  1.5866002   0.9910186   0.08501134  0.9171095   0.53179646] left_ee=[0. 0.] right_arm=[ 0.26210093  1.2585316   0.559126    0.7032377  -0.9426982   0.0402261 ] right_ee=[0.03401252 0.03402889]
step=114 env=0 left_arm=[-0.24834742  1.5872351   1.0089082   0.03026808  0.88914955  0.57031447] left_ee=[0. 0.] right_arm=[ 0.25411904  1.2194749   0.54390115  0.6788104  -0.91158897  0.03685519] right_ee=[0.03319443 0.03321129]
step=115 env=0 left_arm=[-0.23388097  1.5868527   1.0277573  -0.02839703  0.8579807   0.610361  ] left_ee=[0. 0.] right_arm=[ 0.24485879  1.1751127   0.52694505  0.65032583 -0.87690556  0.03318899] right_ee=[0.03249307 0.03251215]
step=116 env=0 left_arm=[-0.2183362   1.5880111   1.0486491  -0.09034028  0.8248214   0.65258324] left_ee=[0. 0.] right_arm=[ 0.23519976  1.1284574   0.5084874   0.62179655 -0.8403664   0.02996064] right_ee=[0.03188818 0.03190963]
step=117 env=0 left_arm=[-0.20245521  1.5892217   1.0698364  -0.15266214  0.7907438   0.6956256 ] left_ee=[0. 0.] right_arm=[ 0.22479402  1.0794231   0.48869556  0.591503   -0.80225676  0.02588985] right_ee=[0.03141721 0.03144019]
step=118 env=0 left_arm=[-0.18640944  1.5910879   1.0916051  -0.21653806  0.75491166  0.7401282 ] left_ee=[0.0000000e+00 3.4934086e-08] right_arm=[ 0.21372905  1.0269774   0.46730933  0.5605703  -0.76176023  0.02239287] right_ee=[0.03104856 0.03107471]
step=119 env=0 left_arm=[-0.17078668  1.5922209   1.1125246  -0.27795398  0.71883357  0.78302336] left_ee=[0.000000e+00 8.175456e-08] right_arm=[ 0.20223117  0.97549087  0.44593003  0.52943563 -0.7213374   0.01857024] right_ee=[0.03084048 0.03086651]
step=120 env=0 left_arm=[-0.15359537  1.5920889   1.1332752  -0.3417619   0.6792897   0.82758063] left_ee=[0.000000e+00 1.521777e-07] right_arm=[ 0.19004203  0.9190771   0.4222776   0.49597704 -0.67740756  0.01473907] right_ee=[0.03086323 0.0308945 ]
step=121 env=0 left_arm=[-0.13677123  1.5915502   1.1528034  -0.40272427  0.6398432   0.87074757] left_ee=[0.0000000e+00 1.7970402e-07] right_arm=[ 0.17795655  0.8628585   0.39902136  0.46229506 -0.6341536   0.0105854 ] right_ee=[0.03110417 0.03113834]
step=122 env=0 left_arm=[-0.1190941   1.5906392   1.1730099  -0.46810013  0.5965306   0.91736174] left_ee=[0.000000e+00 2.604289e-07] right_arm=[ 0.16460429  0.80157834  0.37364927  0.42462817 -0.58635694  0.00643665] right_ee=[0.03148895 0.03152466]
step=123 env=0 left_arm=[-0.10105366  1.5878485   1.1911117  -0.53007597  0.55174387  0.9611529 ] left_ee=[0.0000e+00 2.8105e-07] right_arm=[ 0.1511569   0.7405624   0.3489392   0.3862104  -0.53843117  0.00154461] right_ee=[0.0320075 0.0320479]
step=124 env=0 left_arm=[-0.08238494  1.5847241   1.2083281  -0.59203553  0.50651705  1.0065472 ] left_ee=[4.0153667e-05 6.0373979e-05] right_arm=[ 0.13769902  0.67891514  0.3240898   0.34762594 -0.4903797  -0.00296348] right_ee=[0.03267239 0.03271727]
step=125 env=0 left_arm=[-0.06458385  1.5802606   1.2235211  -0.6501024   0.46392357  1.0481613 ] left_ee=[0.00037635 0.00039239] right_arm=[ 0.12518896  0.6222549   0.30159178  0.31092703 -0.44589302 -0.00784064] right_ee=[0.03339088 0.03343896]
step=126 env=0 left_arm=[-0.04685302  1.5753195   1.2380136  -0.70655346  0.42218184  1.0890665 ] left_ee=[0.00090711 0.00092676] right_arm=[ 0.11269999  0.5666264   0.27896243  0.2746563  -0.40181202 -0.01222894] right_ee=[0.03413274 0.03418057]
step=127 env=0 left_arm=[-0.02888937  1.5705806   1.2513342  -0.7638648   0.38002723  1.1308353 ] left_ee=[0.00167503 0.00169339] right_arm=[ 0.10017562  0.510964    0.2565193   0.23788723 -0.35687825 -0.01698871] right_ee=[0.03492441 0.03497316]
step=128 env=0 left_arm=[-0.01058267  1.5633073   1.2615223  -0.8174745   0.33886915  1.1694722 ] left_ee=[0.0026795  0.00270333] right_arm=[ 0.08819527  0.45841512  0.23589087  0.20169407 -0.31409368 -0.02253619] right_ee=[0.03572515 0.03577734]
step=129 env=0 left_arm=[ 0.00622938  1.5555507   1.269479   -0.86610895  0.30014992  1.2054262 ] left_ee=[0.00380909 0.00383525] right_arm=[ 0.07695185  0.4099933   0.21637416  0.16833766 -0.27503508 -0.02685576] right_ee=[0.03657839 0.03663241]
step=130 env=0 left_arm=[ 0.02253106  1.5454516   1.2735004  -0.9096997   0.26356876  1.2367578 ] left_ee=[0.00509634 0.00512297] right_arm=[ 0.06651966  0.3642612   0.19767472  0.13767579 -0.23813172 -0.03084394] right_ee=[0.03741065 0.03746346]
step=131 env=0 left_arm=[ 0.03840493  1.533895    1.2764152  -0.95160705  0.22805554  1.266425  ] left_ee=[0.00654039 0.0065721 ] right_arm=[ 0.05636818  0.31912586  0.17868459  0.10713738 -0.20216042 -0.03480136] right_ee=[0.03819894 0.0382495 ]
step=132 env=0 left_arm=[ 0.05386563  1.5201243   1.2757349  -0.98927796  0.19269161  1.2925084 ] left_ee=[0.00813764 0.00816909] right_arm=[ 0.04607448  0.27357456  0.1592433   0.07616404 -0.16516194 -0.03878473] right_ee=[0.03899307 0.03904148]
step=133 env=0 left_arm=[ 0.06674907  1.5082054   1.2743857  -1.0201116   0.16261148  1.3143967 ] left_ee=[0.00972105 0.00975825] right_arm=[ 0.03711079  0.23403893  0.14192289  0.04915226 -0.13322026 -0.04206683] right_ee=[0.03973667 0.0397894 ]
step=134 env=0 left_arm=[ 0.07849789  1.4946227   1.2707196  -1.0460678   0.13382302  1.3321009 ] left_ee=[0.01132197 0.0113569 ] right_arm=[ 0.02878855  0.19527446  0.12528698  0.02214346 -0.10258102 -0.04530304] right_ee=[0.0404682  0.04051708]
step=135 env=0 left_arm=[ 0.08888156  1.4801643   1.2655096  -1.0667639   0.10738605  1.346643  ] left_ee=[0.01297699 0.01301187] right_arm=[ 0.02144527  0.16005656  0.11032945 -0.00190682 -0.07551048 -0.04852801] right_ee=[0.04113455 0.04118207]
step=136 env=0 left_arm=[ 0.09846577  1.4643953   1.258164   -1.0845609   0.08170911  1.3581235 ] left_ee=[0.01465031 0.01467979] right_arm=[ 0.0145571   0.12584098  0.09580368 -0.02543939 -0.05056873 -0.05110284] right_ee=[0.04174264 0.04178598]
step=137 env=0 left_arm=[ 0.10694516  1.4512037   1.2512552  -1.100639    0.05977332  1.3692306 ] left_ee=[0.01631777 0.01634759] right_arm=[ 0.00840235  0.09392135  0.08193862 -0.04420194 -0.02923148 -0.05104372] right_ee=[0.04230502 0.04234584]
step=138 env=0 left_arm=[ 0.11206756  1.4435508   1.2461573  -1.1099124   0.04574434  1.3767527 ] left_ee=[0.01790183 0.01793684] right_arm=[ 0.0045396   0.07131482  0.07134233 -0.05380154 -0.01640692 -0.04863425] right_ee=[0.04280053 0.04284098]
step=139 env=0 left_arm=[ 0.11557595  1.4371238   1.2414407  -1.1141945   0.03468717  1.382604  ] left_ee=[0.01943289 0.01946185] right_arm=[ 0.00199937  0.05526067  0.06293572 -0.06058361 -0.00784702 -0.04696643] right_ee=[0.04320324 0.04323386]
step=140 env=0 left_arm=[ 0.11897206  1.4328685   1.2380873  -1.1186866   0.02535439  1.388123  ] left_ee=[0.02087313 0.02089259] right_arm=[-0.00010276  0.04067754  0.05528634 -0.06645236 -0.00037613 -0.0449834 ] right_ee=[0.04352361 0.04354414]
step=141 env=0 left_arm=[ 0.12081506  1.4290301   1.2330923  -1.118966    0.01831518  1.3916876 ] left_ee=[0.02224046 0.02225262] right_arm=[-0.00164441  0.02974857  0.04939778 -0.06901508  0.00412416 -0.04250322] right_ee=[0.04371424 0.04373054]
step=142 env=0 left_arm=[ 0.12153657  1.4241353   1.2262524  -1.1158044   0.01276952  1.3920995 ] left_ee=[0.02349063 0.02349733] right_arm=[-0.00298394  0.01992199  0.04390788 -0.0694893   0.00746624 -0.03978489] right_ee=[0.04382872 0.04383988]
step=143 env=0 left_arm=[ 0.12220225  1.4233953   1.2220489  -1.1143335   0.00841681  1.3941141 ] left_ee=[0.02459879 0.02460517] right_arm=[-0.0041884   0.01122077  0.03831573 -0.0684698   0.00998337 -0.03607716] right_ee=[0.04389694 0.04390507]
step=144 env=0 left_arm=[ 0.12239841  1.4261417   1.2200893  -1.1125704   0.00593166  1.3978854 ] left_ee=[0.02557445 0.02558041] right_arm=[-0.00502817  0.00403748  0.03310856 -0.0660257   0.0110793  -0.03195056] right_ee=[0.04393736 0.04394412]
step=145 env=0 left_arm=[ 0.12257632  1.4310644   1.2198868  -1.1124094   0.00327884  1.4034423 ] left_ee=[0.02643186 0.02643271] right_arm=[-0.00571179 -0.00235707  0.02868667 -0.06380588  0.01186647 -0.02835537] right_ee=[0.04396226 0.04396649]
step=146 env=0 left_arm=[ 1.22287795e-01  1.43924272e+00  1.22164214e+00 -1.11358654e+00
  1.20091054e-03  1.41054356e+00] left_ee=[0.02717306 0.02717095] right_arm=[-0.00611986 -0.00811045  0.02473552 -0.06117608  0.01291495 -0.02502657] right_ee=[0.04397719 0.04397997]
step=147 env=0 left_arm=[ 1.2185105e-01  1.4449819e+00  1.2223377e+00 -1.1138673e+00
 -9.1811566e-04  1.4158441e+00] left_ee=[0.02781913 0.02781327] right_arm=[-0.0066653  -0.01477891  0.02044702 -0.05901968  0.01402923 -0.02127841] right_ee=[0.04398622 0.04398807]
step=148 env=0 left_arm=[ 0.12087198  1.4501741   1.2221948  -1.1131626  -0.00267741  1.4199634 ] left_ee=[0.02836274 0.02835552] right_arm=[-0.00695732 -0.0202885   0.01699638 -0.05626966  0.01485227 -0.01791652] right_ee=[0.04399122 0.04399337]
step=149 env=0 left_arm=[ 0.11944673  1.4549216   1.2214464  -1.1112461  -0.00381166  1.4232178 ] left_ee=[0.02881383 0.02880689] right_arm=[-0.0073402  -0.0261445   0.01276427 -0.05285149  0.01591802 -0.0142713 ] right_ee=[0.04399464 0.04399598]
step=150 env=0 left_arm=[ 0.11760629  1.4600828   1.2205197  -1.1086816  -0.00418061  1.4250686 ] left_ee=[0.02919465 0.02918726] right_arm=[-0.00751729 -0.03161203  0.00907213 -0.04973449  0.01680351 -0.01074957] right_ee=[0.04399631 0.04399804]
step=151 env=0 left_arm=[ 0.11536592  1.4645767   1.2189609  -1.1064929  -0.00456068  1.4262961 ] left_ee=[0.02948147 0.02947169] right_arm=[-0.00765242 -0.03629975  0.00586381 -0.04688342  0.01806813 -0.00757518] right_ee=[0.04399764 0.04399883]
step=152 env=0 left_arm=[ 0.11242363  1.4689914   1.2170186  -1.1034889  -0.00445555  1.4267935 ] left_ee=[0.02967494 0.02966654] right_arm=[-0.00778582 -0.04002459  0.00364146 -0.04415967  0.01934411 -0.00448957] right_ee=[0.04399828 0.04399954]
step=153 env=0 left_arm=[ 0.10913123  1.4737782   1.215304   -1.1005601  -0.00400256  1.427508  ] left_ee=[0.02978807 0.02978024] right_arm=[-0.00797907 -0.04363212  0.00151267 -0.04154781  0.02065971 -0.00170053] right_ee=[0.04399866 0.04399976]
step=154 env=0 left_arm=[ 0.10540664  1.478513    1.2134278  -1.0967476  -0.00290359  1.4271708 ] left_ee=[0.02980962 0.02980214] right_arm=[-0.00819171 -0.0466969  -0.00019196 -0.03911039  0.02161266  0.00039357] right_ee=[0.04399872 0.04399978]
step=155 env=0 left_arm=[ 0.10170607  1.4816595   1.2101034  -1.0915929  -0.00193381  1.425467  ] left_ee=[0.02973378 0.02972438] right_arm=[-0.00825338 -0.04974227 -0.00213879 -0.03622401  0.02264195  0.00315732] right_ee=[0.04399886 0.04399983]
step=156 env=0 left_arm=[ 9.7734109e-02  1.4858373e+00  1.2081228e+00 -1.0864230e+00
 -4.8699786e-04  1.4245462e+00] left_ee=[0.02948011 0.02947433] right_arm=[-0.00840885 -0.05205951 -0.00381355 -0.03375667  0.02366997  0.00509941] right_ee=[0.04399913 0.04399985]
step=157 env=0 left_arm=[ 9.3294159e-02  1.4887519e+00  1.2050710e+00 -1.0806595e+00
  6.5281108e-04  1.4218276e+00] left_ee=[0.02909905 0.0290895 ] right_arm=[-0.00838762 -0.0536563  -0.00541714 -0.03149572  0.02457137  0.00635613] right_ee=[0.04399899 0.0439999 ]
step=158 env=0 left_arm=[ 0.08821282  1.4907098   1.2015415  -1.0738369   0.00217821  1.4174914 ] left_ee=[0.02857224 0.02856374] right_arm=[-0.00840993 -0.05559879 -0.00718511 -0.02888941  0.02559791  0.00727368] right_ee=[0.04399926 0.04399986]
step=159 env=0 left_arm=[ 0.08301379  1.492228    1.1976944  -1.0670336   0.00361288  1.4132313 ] left_ee=[0.02789346 0.0278844 ] right_arm=[-0.00822986 -0.05755666 -0.00900049 -0.02644242  0.02671695  0.00784248] right_ee=[0.04399917 0.04399993]
step=160 env=0 left_arm=[ 0.07756305  1.4953606   1.1945028  -1.0611123   0.00538604  1.4089122 ] left_ee=[0.02709406 0.02708483] right_arm=[-0.0080077  -0.05854267 -0.01033597 -0.02463183  0.0278796   0.0086903 ] right_ee=[0.04399925 0.04399992]
step=161 env=0 left_arm=[ 0.07150721  1.496862    1.1893468  -1.0535754   0.00691471  1.4025975 ] left_ee=[0.02621904 0.02620757] right_arm=[-0.00802163 -0.05996947 -0.01167534 -0.023116    0.02908439  0.00916777] right_ee=[0.04399927 0.04399991]
step=162 env=0 left_arm=[ 0.0652401   1.4997096   1.1858002  -1.0463991   0.00919892  1.3964901 ] left_ee=[0.02527475 0.02526812] right_arm=[-0.00789854 -0.06091103 -0.01322255 -0.02121144  0.03025346  0.00956422] right_ee=[0.04399911 0.04399994]
step=163 env=0 left_arm=[ 0.05841153  1.5030802   1.1823047  -1.039383    0.01178368  1.3897138 ] left_ee=[0.02427118 0.02426172] right_arm=[-0.00789732 -0.06145835 -0.01483867 -0.01867182  0.03068719  0.01039368] right_ee=[0.04399906 0.04399985]
step=164 env=0 left_arm=[ 0.05109885  1.5051346   1.1778682  -1.0316597   0.01452909  1.3815707 ] left_ee=[0.02322602 0.02321535] right_arm=[-0.00779161 -0.06145261 -0.01537796 -0.01652558  0.03060944  0.01060063] right_ee=[0.04399912 0.0439998 ]
step=165 env=0 left_arm=[ 0.0432588   1.5094695   1.1759299  -1.0251919   0.01743702  1.3747778 ] left_ee=[0.02214187 0.02213542] right_arm=[-0.00763066 -0.06108987 -0.01614103 -0.01463794  0.03078315  0.011071  ] right_ee=[0.0439996  0.04399962]
step=166 env=0 left_arm=[ 0.03442108  1.5133214   1.1738464  -1.0176547   0.0207997   1.3655186 ] left_ee=[0.02103952 0.02103112] right_arm=[-0.00728404 -0.06021627 -0.01622918 -0.01284362  0.03077183  0.01136071] right_ee=[0.04399963 0.04399965]
step=167 env=0 left_arm=[ 0.02558298  1.5167388   1.1704179  -1.0095729   0.02443625  1.3555053 ] left_ee=[0.01992028 0.01990699] right_arm=[-0.00716447 -0.060021   -0.01656806 -0.01188042  0.03074804  0.01179334] right_ee=[0.04399993 0.04399951]
step=168 env=0 left_arm=[ 0.01652492  1.5204494   1.1669029  -1.0013813   0.02808181  1.344983  ] left_ee=[0.01878152 0.01876903] right_arm=[-0.00680371 -0.05912056 -0.01625472 -0.01013635  0.03011484  0.01224159] right_ee=[0.04399972 0.04399928]
step=169 env=0 left_arm=[ 0.00712349  1.522042    1.1629738  -0.99312234  0.0318462   1.3328251 ] left_ee=[0.01763341 0.01762293] right_arm=[-0.00647422 -0.05949086 -0.01626922 -0.01039658  0.02977677  0.01170164] right_ee=[0.04399993 0.04399921]
step=170 env=0 left_arm=[-0.00284803  1.5237874   1.1586881  -0.9841033   0.03550851  1.3189933 ] left_ee=[0.01646652 0.01645645] right_arm=[-0.00623562 -0.06060181 -0.01669643 -0.01106898  0.0295248   0.01203648] right_ee=[0.04399998 0.04399935]
step=171 env=0 left_arm=[-0.0126064   1.5274274   1.1560168  -0.97705954  0.03908707  1.3068928 ] left_ee=[0.0152849  0.01527585] right_arm=[-0.00594686 -0.06159484 -0.01679766 -0.01234639  0.02881376  0.01236718] right_ee=[0.044      0.04399933]
step=172 env=0 left_arm=[-0.02235034  1.5311092   1.1549786  -0.97206765  0.04202779  1.2955728 ] left_ee=[0.01407579 0.01406932] right_arm=[-0.00589953 -0.06288475 -0.0171664  -0.01402583  0.02801085  0.01167019] right_ee=[0.044      0.04399931]
step=173 env=0 left_arm=[-0.03132684  1.5411998   1.158321   -0.9706414   0.04576968  1.2910078 ] left_ee=[0.01284785 0.01284186] right_arm=[-0.00584458 -0.06384159 -0.01762582 -0.01584104  0.02740369  0.01055456] right_ee=[0.044      0.04399943]
step=174 env=0 left_arm=[-0.03951202  1.5579674   1.1687669  -0.9752125   0.04949725  1.2937615 ] left_ee=[0.01162948 0.01162627] right_arm=[-0.00578876 -0.06544044 -0.01812516 -0.01707277  0.02745744  0.00971408] right_ee=[0.04399994 0.04399943]
step=175 env=0 left_arm=[-0.04696452  1.5794277   1.182844   -0.9829326   0.05393218  1.3008066 ] left_ee=[0.01040344 0.01039349] right_arm=[-0.00581603 -0.06757457 -0.01909433 -0.01817669  0.02781927  0.00909175] right_ee=[0.04399973 0.04399963]
step=176 env=0 left_arm=[-0.053982    1.6065894   1.2007188  -0.9922988   0.05971227  1.3114166 ] left_ee=[0.00917905 0.00916444] right_arm=[-0.00578624 -0.06921273 -0.01997746 -0.01858665  0.02784927  0.00955767] right_ee=[0.0439996  0.04399995]
step=177 env=0 left_arm=[-0.06088082  1.6353203   1.2199459  -1.0018779   0.06623755  1.3237817 ] left_ee=[0.00795802 0.00793675] right_arm=[-0.00559982 -0.07014521 -0.02086105 -0.01774752  0.02784264  0.01119857] right_ee=[0.04399967 0.04399984]
step=178 env=0 left_arm=[-0.06759951  1.6659585   1.2405874  -1.0110136   0.0740246   1.3369814 ] left_ee=[0.00675188 0.00672648] right_arm=[-0.00527806 -0.07056335 -0.02204097 -0.01624939  0.02763292  0.01350797] right_ee=[0.04399982 0.0439996 ]
step=179 env=0 left_arm=[-0.07427336  1.6968592   1.2609679  -1.0184859   0.08244932  1.3489155 ] left_ee=[0.00555014 0.00551914] right_arm=[-0.00493817 -0.0705901  -0.02267381 -0.01443225  0.02693881  0.01579706] right_ee=[0.044     0.0439993]
step=180 env=0 left_arm=[-0.08010887  1.7255133   1.2816125  -1.0272274   0.08960877  1.3611834 ] left_ee=[0.00441073 0.0043788 ] right_arm=[-0.00465813 -0.06965794 -0.02341379 -0.01234359  0.02598525  0.0175302 ] right_ee=[0.044      0.04399921]
step=181 env=0 left_arm=[-0.08559725  1.7528458   1.3021033  -1.0352995   0.09677847  1.3735251 ] left_ee=[0.00331858 0.0032875 ] right_arm=[-0.00438476 -0.06901241 -0.02424685 -0.01066848  0.02564402  0.01876278] right_ee=[0.044      0.04399914]
step=182 env=0 left_arm=[-0.09073547  1.7788918   1.3230143  -1.0427527   0.1037755   1.385788  ] left_ee=[0.00227469 0.00224606] right_arm=[-0.00404454 -0.06885992 -0.02522335 -0.00947715  0.02581792  0.01939233] right_ee=[0.04399997 0.04399936]
step=183 env=0 left_arm=[-0.09415352  1.7984096   1.3407723  -1.0515317   0.10644673  1.3963196 ] left_ee=[0.00137754 0.00134648] right_arm=[-0.00368573 -0.06773809 -0.02568051 -0.00799724  0.02607616  0.01894062] right_ee=[0.04399994 0.04399967]
step=184 env=0 left_arm=[-0.09854317  1.8139626   1.3565682  -1.058592    0.10852931  1.4034083 ] left_ee=[0.00060412 0.00057905] right_arm=[-0.00320671 -0.06583339 -0.02574109 -0.00615905  0.02583885  0.0186094 ] right_ee=[0.04399984 0.04399939]
step=185 env=0 left_arm=[-0.10152568  1.8214347   1.3668982  -1.0660111   0.10610959  1.4064574 ] left_ee=[2.4101273e-05 7.1983437e-09] right_arm=[-0.00290094 -0.06397565 -0.02567979 -0.00565056  0.0258585   0.01772256] right_ee=[0.04399996 0.04399928]
step=186 env=0 left_arm=[-0.1049275   1.8240366   1.3733553  -1.071675    0.10395984  1.4059272 ] left_ee=[0. 0.] right_arm=[-0.002608   -0.06219627 -0.02577903 -0.00551701  0.02578031  0.01695141] right_ee=[0.044      0.04399963]
step=187 env=0 left_arm=[-0.10938358  1.8250022   1.378398   -1.0748901   0.10318816  1.4008648 ] left_ee=[0. 0.] right_arm=[-0.00208905 -0.06085783 -0.02616964 -0.00463446  0.02597643  0.01662094] right_ee=[0.04399996 0.04399961]
step=188 env=0 left_arm=[-0.11354929  1.8272158   1.3841486  -1.0764997   0.1047767   1.3952764 ] left_ee=[0. 0.] right_arm=[-0.0016504  -0.0591554  -0.0262588  -0.00283382  0.02556793  0.01648012] right_ee=[0.04399997 0.04399933]
step=189 env=0 left_arm=[-0.11688303  1.8266516   1.3872588  -1.0772245   0.10660524  1.3883493 ] left_ee=[0. 0.] right_arm=[-0.00128444 -0.05855471 -0.02642425 -0.00083236  0.02504295  0.01646525] right_ee=[0.04399997 0.04399933]
step=190 env=0 left_arm=[-0.12008841  1.8288964   1.3935723  -1.0801865   0.10912075  1.3832493 ] left_ee=[0. 0.] right_arm=[-0.00110529 -0.05875789 -0.02684542  0.00080724  0.02501684  0.01649847] right_ee=[0.04399996 0.04399917]
step=191 env=0 left_arm=[-0.12267999  1.8291948   1.3976644  -1.0798703   0.11288736  1.3746457 ] left_ee=[0. 0.] right_arm=[-0.00074889 -0.05865173 -0.02690009  0.00276918  0.02458229  0.01644005] right_ee=[0.04399985 0.04399939]
step=192 env=0 left_arm=[-0.1263989   1.8317204   1.4015889  -1.073658    0.12094276  1.3631742 ] left_ee=[0. 0.] right_arm=[-0.00033841 -0.05822579 -0.0270128   0.00451207  0.02415159  0.01670652] right_ee=[0.04399997 0.04399934]
step=193 env=0 left_arm=[-0.13015409  1.8328431   1.402659   -1.0619797   0.13230783  1.348042  ] left_ee=[0. 0.] right_arm=[-5.6795197e-05 -5.8430828e-02 -2.7246410e-02  6.2264972e-03
  2.4047416e-02  1.6919482e-02] right_ee=[0.04399996 0.04399929]
step=194 env=0 left_arm=[-0.1334705   1.8312579   1.3998435  -1.043746    0.14586654  1.3284683 ] left_ee=[0. 0.] right_arm=[ 0.00027595 -0.05862261 -0.02747604  0.00733956  0.02388551  0.01685031] right_ee=[0.04399998 0.04399958]
step=195 env=0 left_arm=[-0.13657765  1.8280197   1.3950169  -1.0215415   0.16149007  1.3061192 ] left_ee=[0. 0.] right_arm=[ 0.00070108 -0.05888665 -0.02752073  0.00852248  0.02364617  0.01663767] right_ee=[0.04399998 0.04399944]
step=196 env=0 left_arm=[-0.13976914  1.8238239   1.3884006  -0.99430805  0.17965294  1.2791122 ] left_ee=[0. 0.] right_arm=[ 0.00113153 -0.05967123 -0.02738302  0.00929068  0.0234893   0.01618166] right_ee=[0.04399994 0.04399947]
step=197 env=0 left_arm=[-0.1437404   1.8177543   1.3780931  -0.96052283  0.20104474  1.2485152 ] left_ee=[0.000000e+00 2.707027e-08] right_arm=[ 0.00154669 -0.06084809 -0.027583    0.01015509  0.0233932   0.01600928] right_ee=[0.04399994 0.04399953]
step=198 env=0 left_arm=[-0.14866568  1.8108985   1.3656269  -0.9203272   0.22559911  1.2136126 ] left_ee=[0.00000000e+00 1.05029486e-07] right_arm=[ 0.0017692  -0.06144588 -0.02764369  0.01082559  0.02315198  0.01600648] right_ee=[0.04399997 0.04399952]
step=199 env=0 left_arm=[-0.15402117  1.8039888   1.3522527  -0.8780162   0.2513114   1.1760163 ] left_ee=[0.000000e+00 1.269676e-07] right_arm=[ 0.00180282 -0.06272949 -0.02818451  0.01104678  0.02389592  0.01579271] right_ee=[0.04399958 0.04399927]
step=200 env=0 left_arm=[-0.16063233  1.7977891   1.3370855  -0.8297872   0.28007752  1.1360203 ] left_ee=[0.0000000e+00 1.3627508e-07] right_arm=[ 0.0017992  -0.06438246 -0.02874123  0.01134626  0.02481179  0.01598657] right_ee=[0.04399944 0.04399979]
step=201 env=0 left_arm=[-0.16670236  1.7912775   1.320971   -0.7792997   0.30999377  1.0965796 ] left_ee=[0.0000000e+00 1.0250796e-07] right_arm=[ 0.00190835 -0.0652889  -0.02895963  0.01188188  0.02530588  0.01621652] right_ee=[0.04399924 0.04399994]
step=202 env=0 left_arm=[-0.173009   1.7834119  1.3025717 -0.7250646  0.3414725  1.0545415] left_ee=[0.0000000e+00 1.2266234e-07] right_arm=[ 0.00184159 -0.06641377 -0.02907633  0.01129134  0.02612039  0.01568964] right_ee=[0.04399943 0.04399977]
step=203 env=0 left_arm=[-0.17922711  1.775421    1.2827592  -0.6669859   0.3746862   1.0110081 ] left_ee=[0.000000e+00 1.238036e-07] right_arm=[ 0.00167434 -0.06785336 -0.02927576  0.01068796  0.02736711  0.01552394] right_ee=[0.04399908 0.04399993]
step=204 env=0 left_arm=[-0.18577962  1.7655864   1.2612445  -0.60609514  0.40855327  0.96496445] left_ee=[0.0000000e+00 1.2394528e-07] right_arm=[ 0.00140186 -0.06937191 -0.0299623   0.00973769  0.02873841  0.01512704] right_ee=[0.04399889 0.04399988]
step=205 env=0 left_arm=[-0.19287112  1.7569976   1.2399856  -0.5446965   0.4431799   0.91969347] left_ee=[0.0000000e+00 3.5862783e-08] right_arm=[ 0.00109269 -0.07087082 -0.03063827  0.00841841  0.02998815  0.01457387] right_ee=[0.0439989  0.04399985]
step=206 env=0 left_arm=[-0.20025332  1.7489889   1.2180747  -0.48136932  0.47853002  0.87357634] left_ee=[0.0000000e+00 6.5301675e-09] right_arm=[ 0.0005941  -0.07382151 -0.03151333  0.00630272  0.03165358  0.01422045] right_ee=[0.04399848 0.04399986]
step=207 env=0 left_arm=[-0.20779818  1.7417046   1.1960998  -0.41530782  0.51581645  0.8267175 ] left_ee=[0. 0.] right_arm=[-0.00013523 -0.07698338 -0.03243355  0.00393931  0.03333751  0.0133821 ] right_ee=[0.04399823 0.04399981]
step=208 env=0 left_arm=[-0.2154475   1.7354426   1.1748981  -0.34992865  0.5530427   0.78013337] left_ee=[0. 0.] right_arm=[-0.00069115 -0.08059396 -0.03360699  0.00154863  0.03542621  0.01292191] right_ee=[0.04399816 0.04399978]
step=209 env=0 left_arm=[-0.2234184   1.7297441   1.153507   -0.2826432   0.5907104   0.73315614] left_ee=[0. 0.] right_arm=[-0.00149354 -0.08532562 -0.03536726 -0.00137967  0.03836726  0.01241574] right_ee=[0.04399739 0.04399981]
step=210 env=0 left_arm=[-0.23093642  1.7246251   1.132668   -0.21620679  0.62755984  0.6876406 ] left_ee=[0. 0.] right_arm=[-0.00242599 -0.09002742 -0.0361128  -0.00474698  0.0411348   0.01172937] right_ee=[0.04399739 0.04399972]
step=211 env=0 left_arm=[-0.23882529  1.7202269   1.111816   -0.15002467  0.66450924  0.64271945] left_ee=[0. 0.] right_arm=[-0.00335101 -0.09487855 -0.03607384 -0.00834374  0.04401099  0.01125957] right_ee=[0.04399733 0.0439997 ]
step=212 env=0 left_arm=[-0.24727772  1.7159975   1.09073    -0.08324446  0.70139015  0.5966585 ] left_ee=[0. 0.] right_arm=[-0.00431197 -0.1006916  -0.03602272 -0.01222391  0.04748087  0.01098821] right_ee=[0.04399693 0.04399974]
step=213 env=0 left_arm=[-0.25552544  1.71169     1.0692301  -0.01710782  0.7377645   0.5514332 ] left_ee=[0. 0.] right_arm=[-0.00517603 -0.10509972 -0.03598484 -0.01555863  0.05024123  0.01050342] right_ee=[0.04399649 0.04399959]
step=214 env=0 left_arm=[-0.2637804   1.7079315   1.0483689   0.0471731   0.7728924   0.50739765] left_ee=[0. 0.] right_arm=[-0.00593222 -0.10986028 -0.03594055 -0.01892312  0.05277646  0.01082659] right_ee=[0.04399657 0.04399952]
step=215 env=0 left_arm=[-0.27137682  1.7039306   1.0289067   0.10533075  0.80416054  0.46753547] left_ee=[0. 0.] right_arm=[-0.00642462 -0.1135276  -0.03590634 -0.02130707  0.05448659  0.01108181] right_ee=[0.04399648 0.04399947]
step=216 env=0 left_arm=[-0.27903846  1.7004251   1.0085903   0.16518313  0.8365523   0.42667767] left_ee=[0. 0.] right_arm=[-0.0067611  -0.1153141  -0.03588562 -0.02373472  0.05529356  0.01124924] right_ee=[0.04399683 0.04399945]
step=217 env=0 left_arm=[-0.28657869  1.6974499   0.9896525   0.21954161  0.8660785   0.38850865] left_ee=[0. 0.] right_arm=[-0.00681138 -0.116463   -0.03591648 -0.02581915  0.055881    0.01133918] right_ee=[0.0439975  0.04399951]
step=218 env=0 left_arm=[-0.29324892  1.6954588   0.97308534  0.26760602  0.8916189   0.3549105 ] left_ee=[0. 0.] right_arm=[-0.00643625 -0.11619402 -0.03593655 -0.02674025  0.05527569  0.0115269 ] right_ee=[0.04399778 0.0439993 ]
step=219 env=0 left_arm=[-0.29935372  1.6943063   0.9590169   0.3105358   0.9143826   0.32472184] left_ee=[0. 0.] right_arm=[-0.00569765 -0.11284209 -0.03593762 -0.02636415  0.0529791   0.01158358] right_ee=[0.04399844 0.04399797]
step=220 env=0 left_arm=[-0.30462265  1.6932173   0.94628274  0.34736067  0.9331415   0.2986881 ] left_ee=[0. 0.] right_arm=[-0.00486629 -0.10899193 -0.03596298 -0.02515881  0.0502836   0.01175826] right_ee=[0.04399985 0.04399764]
step=221 env=0 left_arm=[-0.30944058  1.6928941   0.93637717  0.37633687  0.94748795  0.27797064] left_ee=[0. 0.] right_arm=[-0.00366281 -0.10224968 -0.03602047 -0.02251492  0.04614349  0.01188362] right_ee=[0.044      0.04399646]
step=222 env=0 left_arm=[-0.31383038  1.6929094   0.9287017   0.3993645   0.95931846  0.26185656] left_ee=[0. 0.] right_arm=[-0.00165066 -0.09109139 -0.03611011 -0.01690497  0.03807598  0.01218649] right_ee=[0.044      0.04399347]
step=223 env=0 left_arm=[-0.31775355  1.6935983   0.9230715   0.41654098  0.968333    0.24957654] left_ee=[0. 0.] right_arm=[ 0.00130763 -0.07475176 -0.03233947 -0.00864408  0.0262872   0.01293278] right_ee=[0.044      0.04399048]
step=224 env=0 left_arm=[-0.32130316  1.6950314   0.919276    0.42904755  0.97419715  0.2410621 ] left_ee=[0. 0.] right_arm=[ 0.00500342 -0.05520226 -0.02469639  0.00111844  0.01226969  0.01349768] right_ee=[0.044      0.04398856]
step=225 env=0 left_arm=[-0.32448676  1.6961647   0.9170714   0.4371657   0.9774667   0.23624866] left_ee=[0. 0.] right_arm=[ 0.00956539 -0.0311049  -0.01466904  0.01434289 -0.00578222  0.01450952] right_ee=[0.044      0.04398561]
step=226 env=0 left_arm=[-0.3275376   1.6972133   0.91567534  0.44236082  0.9790818   0.23404865] left_ee=[0. 0.] right_arm=[ 0.01508968 -0.0025357  -0.00269774  0.03069549 -0.02706301  0.01602584] right_ee=[0.044      0.04398311]
step=227 env=0 left_arm=[-0.33056432  1.6984144   0.91496754  0.44563958  0.9797902   0.23385437] left_ee=[0. 0.] right_arm=[ 0.02185294  0.0322474   0.01197337  0.0505239  -0.05318024  0.01774724] right_ee=[0.044      0.04397966]
step=228 env=0 left_arm=[-0.3333892   1.6994662   0.9150301   0.44749877  0.9797666   0.23460479] left_ee=[0. 0.] right_arm=[ 0.02952546  0.07170954  0.02891859  0.07305228 -0.08234888  0.01952189] right_ee=[0.044     0.0439776]
step=229 env=0 left_arm=[-0.33618465  1.7005472   0.9158989   0.44878215  0.98051184  0.23508687] left_ee=[0. 0.] right_arm=[ 0.03753638  0.11281855  0.04687257  0.09712356 -0.11269576  0.02074795] right_ee=[0.044      0.04397712]
step=230 env=0 left_arm=[-0.33882377  1.701593    0.9176638   0.44900525  0.9803728   0.23569581] left_ee=[0. 0.] right_arm=[ 0.04695514  0.15998779  0.06773891  0.12394587 -0.14762306  0.02259702] right_ee=[0.044      0.04397436]
step=231 env=0 left_arm=[-0.3401607   1.7019998   0.91899073  0.44814518  0.98081064  0.23738167] left_ee=[0. 0.] right_arm=[ 0.05725222  0.21139622  0.09057203  0.15431903 -0.18642679  0.02506841] right_ee=[0.044      0.04397272]
step=232 env=0 left_arm=[-0.34048793  1.701737    0.9202614   0.4462997   0.981708    0.2391863 ] left_ee=[0. 0.] right_arm=[ 0.06738569  0.26183543  0.11318841  0.18405393 -0.22528894  0.02770063] right_ee=[0.044      0.04397382]
step=233 env=0 left_arm=[-0.34073672  1.7001512   0.9212755   0.44323733  0.9824909   0.24128638] left_ee=[0. 0.] right_arm=[ 0.07828613  0.31638765  0.1377111   0.21686003 -0.26778167  0.03081674] right_ee=[0.044      0.04397301]
step=234 env=0 left_arm=[-0.34026372  1.6984022   0.9237985   0.43605486  0.98128796  0.24557571] left_ee=[0. 0.] right_arm=[ 0.08895063  0.37011778  0.16188303  0.24940762 -0.3088997   0.03417018] right_ee=[0.044      0.04397526]
step=235 env=0 left_arm=[-0.33970168  1.6969242   0.9280004   0.42587566  0.9792136   0.25117186] left_ee=[0. 0.] right_arm=[ 0.09957331  0.42318153  0.18584968  0.28136057 -0.34945762  0.03786277] right_ee=[0.044      0.04397698]
step=236 env=0 left_arm=[-0.3388423   1.6967046   0.9352878   0.4123484   0.9745816   0.25950867] left_ee=[0. 0.] right_arm=[ 0.10850055  0.46751246  0.2054291   0.3082583  -0.38295406  0.04159189] right_ee=[0.044      0.04398177]
step=237 env=0 left_arm=[-0.33735272  1.6963778   0.9437194   0.39546436  0.96759385  0.26932502] left_ee=[0. 0.] right_arm=[ 0.11182491  0.4859835   0.21351933  0.31824258 -0.3973306   0.0435831 ] right_ee=[0.044      0.04397872]
step=238 env=0 left_arm=[-0.33532065  1.6951863   0.95214766  0.3762781   0.9594673   0.28125784] left_ee=[0. 0.] right_arm=[ 0.11536254  0.50606275  0.22249773  0.32808474 -0.41248107  0.04519157] right_ee=[0.044      0.04398919]
step=239 env=0 left_arm=[-0.33299112  1.6932856   0.96108663  0.3557101   0.95088315  0.2945981 ] left_ee=[0. 0.] right_arm=[ 0.11935723  0.52922124  0.23256497  0.33977127 -0.43056533  0.04740537] right_ee=[0.044      0.04399138]
step=240 env=0 left_arm=[-0.33050555  1.6918137   0.97033983  0.33431685  0.9423055   0.3092053 ] left_ee=[0. 0.] right_arm=[ 0.12338137  0.551728    0.2425411   0.3507823  -0.44871676  0.04985769] right_ee=[0.044      0.04399149]
step=241 env=0 left_arm=[-0.3275119   1.6890821   0.97798926  0.31402478  0.93405277  0.32414547] left_ee=[0. 0.] right_arm=[ 0.12761974  0.57563835  0.2531069   0.3628535  -0.46821454  0.05250512] right_ee=[0.044      0.04399127]
step=242 env=0 left_arm=[-0.32347748  1.6859655   0.9859058   0.29125956  0.92420805  0.34076497] left_ee=[0. 0.] right_arm=[ 0.13199817  0.5982617   0.26348898  0.37491497 -0.4862331   0.05523769] right_ee=[0.044      0.04399187]
step=243 env=0 left_arm=[-0.31878424  1.6814516   0.992866    0.2677457   0.9129859   0.35836175] left_ee=[0. 0.] right_arm=[ 0.13541839  0.6167735   0.27194035  0.3836993  -0.50070137  0.05695899] right_ee=[0.044      0.04399315]
step=244 env=0 left_arm=[-0.3139819   1.6773661   1.0000432   0.24305509  0.9020241   0.37647808] left_ee=[0. 0.] right_arm=[ 0.13925958  0.6373597   0.28135946  0.3940581  -0.51635647  0.05842099] right_ee=[0.044      0.04399365]
step=245 env=0 left_arm=[-0.30790585  1.6730292   1.0069947   0.21655156  0.889279    0.3954637 ] left_ee=[0. 0.] right_arm=[ 0.1425396   0.6561543   0.29037338  0.40274143 -0.5303091   0.05925238] right_ee=[0.044      0.04399488]
step=246 env=0 left_arm=[-0.30093578  1.6678319   1.013245    0.188807    0.87534016  0.415468  ] left_ee=[0. 0.] right_arm=[ 0.14526732  0.67204916  0.29797667  0.4102157  -0.5417029   0.06002882] right_ee=[0.044      0.04399572]
step=247 env=0 left_arm=[-0.29327974  1.6617689   1.0186934   0.16134733  0.8608203   0.4347361 ] left_ee=[0. 0.] right_arm=[ 0.14757018  0.68612534  0.30504605  0.41695344 -0.55193627  0.06019503] right_ee=[0.044     0.0439967]
step=248 env=0 left_arm=[-0.2854062   1.6557106   1.0239658   0.13326916  0.84563094  0.45419198] left_ee=[0. 0.] right_arm=[ 0.14992511  0.7005198   0.31222633  0.4237086  -0.5623977   0.06002163] right_ee=[0.044      0.04399677]
step=249 env=0 left_arm=[-0.2770809   1.6491114   1.0301329   0.10267734  0.8275685   0.475183  ] left_ee=[0. 0.] right_arm=[ 0.15107656  0.7085079   0.31646726  0.42673397 -0.5680127   0.0597382 ] right_ee=[0.044      0.04399631]
step=250 env=0 left_arm=[-0.26832852  1.6425563   1.0372285   0.07121575  0.80982745  0.49703363] left_ee=[0. 0.] right_arm=[ 0.15341026  0.7209124   0.32233277  0.4329727  -0.57616645  0.05980138] right_ee=[0.044      0.04399747]
step=251 env=0 left_arm=[-0.2599753   1.6367911   1.0445372   0.03910215  0.79133034  0.5199819 ] left_ee=[0. 0.] right_arm=[ 0.15485395  0.72935545  0.3260338   0.43686673 -0.5813262   0.05969323] right_ee=[0.044      0.04399707]
step=252 env=0 left_arm=[-0.25158     1.631678    1.052194    0.00789439  0.77379155  0.543136  ] left_ee=[0. 0.] right_arm=[ 0.1566987   0.7390539   0.33032548  0.44224274 -0.5873362   0.05963479] right_ee=[0.044      0.04399825]
step=253 env=0 left_arm=[-0.2424404   1.6263658   1.0589789  -0.0226958   0.75626     0.56566024] left_ee=[0. 0.] right_arm=[ 0.15799035  0.74519306  0.33363092  0.44624296 -0.591132    0.05936866] right_ee=[0.044      0.04399852]
step=254 env=0 left_arm=[-0.23331271  1.6231687   1.0682728  -0.05586911  0.7370848   0.59088427] left_ee=[0. 0.] right_arm=[ 0.15909661  0.75073755  0.33664396  0.4506844  -0.59432584  0.05905555] right_ee=[0.044     0.0439987]
step=255 env=0 left_arm=[-0.224174    1.6191913   1.0764536  -0.08844369  0.71760315  0.61480314] left_ee=[0. 0.] right_arm=[ 0.1600266   0.75397784  0.33877534  0.45304832 -0.59546727  0.05823969] right_ee=[0.044     0.0439989]
step=256 env=0 left_arm=[-0.2151036   1.6173831   1.0844005  -0.11807111  0.70024616  0.6391116 ] left_ee=[0. 0.] right_arm=[ 0.16129915  0.7579709   0.34030405  0.45708242 -0.5964165   0.05762719] right_ee=[0.04396528 0.04396437]
step=257 env=0 left_arm=[-0.20580374  1.6151061   1.0931214  -0.14899394  0.6821526   0.6641601 ] left_ee=[0. 0.] right_arm=[ 0.16182807  0.75759435  0.34020534  0.4583177  -0.59419376  0.05666435] right_ee=[0.04379124 0.04379032]
step=258 env=0 left_arm=[-0.19581461  1.6137935   1.102667   -0.18107271  0.6631054   0.6908886 ] left_ee=[0. 0.] right_arm=[ 0.16167466  0.7529472   0.337869    0.45764098 -0.5888714   0.05560441] right_ee=[0.04352778 0.04352834]
step=259 env=0 left_arm=[-0.18680553  1.6143993   1.1125408  -0.2124983   0.64507604  0.7178307 ] left_ee=[0. 0.] right_arm=[ 0.1611542   0.74715346  0.33526707  0.45578933 -0.582934    0.05398139] right_ee=[0.04323595 0.04323806]
step=260 env=0 left_arm=[-0.17781626  1.6154428   1.1232731  -0.24676228  0.62541074  0.7466346 ] left_ee=[0. 0.] right_arm=[ 0.15942766  0.73526216  0.33043242  0.4501575  -0.5720244   0.0521122 ] right_ee=[0.04291963 0.04292243]
step=261 env=0 left_arm=[-0.16899274  1.6177962   1.1361083  -0.28193286  0.60587937  0.77588356] left_ee=[0. 0.] right_arm=[ 0.1576159   0.72277087  0.32498792  0.4446262  -0.5607064   0.05012772] right_ee=[0.04258237 0.04258865]
step=262 env=0 left_arm=[-0.16047344  1.6218795   1.1501558  -0.31693864  0.58697873  0.8060439 ] left_ee=[0. 0.] right_arm=[ 0.15517373  0.70815533  0.31883094  0.43715957 -0.54849875  0.04815136] right_ee=[0.04224222 0.04224984]
step=263 env=0 left_arm=[-0.15168764  1.6251959   1.165189   -0.356343    0.5648903   0.83713305] left_ee=[0.0000000e+00 3.3240063e-08] right_arm=[ 0.15115985  0.686566    0.3094572   0.42563173 -0.5309821   0.04627233] right_ee=[0.04194788 0.04195582]
step=264 env=0 left_arm=[-0.14333744  1.6308999   1.1831455  -0.39914274  0.5418089   0.87100023] left_ee=[0.0000000e+00 1.3104084e-07] right_arm=[ 0.14656493  0.6614469   0.29932198  0.41203284 -0.5115471   0.04417131] right_ee=[0.04167366 0.0416863 ]
step=265 env=0 left_arm=[-0.13437223  1.6354163   1.2006979  -0.44217965  0.5189584   0.9047801 ] left_ee=[0.0000000e+00 1.8543219e-07] right_arm=[ 0.14157277  0.63632137  0.2893589   0.39786503 -0.4921809   0.04223252] right_ee=[0.04143064 0.04144561]
step=266 env=0 left_arm=[-0.12537906  1.6401147   1.2189193  -0.48723084  0.49453384  0.9396161 ] left_ee=[0.0000000e+00 2.5690707e-07] right_arm=[ 0.13565843  0.60721666  0.2776976   0.38050613 -0.4695796   0.03982551] right_ee=[0.04120493 0.04122085]
step=267 env=0 left_arm=[-0.11628725  1.6442639   1.2370754  -0.5335947   0.46884522  0.97496074] left_ee=[0.00019039 0.00020203] right_arm=[ 0.12918219  0.5757702   0.26490477  0.36086956 -0.4449353   0.03703557] right_ee=[0.04105681 0.04107568]
step=268 env=0 left_arm=[-0.10685098  1.6481254   1.2551625  -0.5795214   0.4428489   1.0098283 ] left_ee=[0.00066277 0.00067877] right_arm=[ 0.12241475  0.5438532   0.25187132  0.34087232 -0.41967097  0.03424059] right_ee=[0.04095458 0.04097672]
step=269 env=0 left_arm=[-0.09800927  1.6508445   1.2712545  -0.62297624  0.41792762  1.0426582 ] left_ee=[0.00134361 0.00135693] right_arm=[ 0.11570946  0.51189154  0.2387504   0.32090038 -0.39469936  0.03154454] right_ee=[0.04087918 0.04090442]
step=270 env=0 left_arm=[-0.08891069  1.652425    1.2846942  -0.66549987  0.39195722  1.0757462 ] left_ee=[0.00230914 0.00232144] right_arm=[ 0.10825403  0.47821835  0.22531559  0.29982442 -0.36819518  0.02862355] right_ee=[0.0408117 0.040837 ]
step=271 env=0 left_arm=[-0.07922465  1.6499447   1.295337   -0.7066189   0.36547118  1.1068457 ] left_ee=[0.00346084 0.00348165] right_arm=[ 0.10043512  0.44325465  0.21134084  0.27788278 -0.3408784   0.02589116] right_ee=[0.04078876 0.04081662]
step=272 env=0 left_arm=[-0.06861448  1.6451602   1.3034613  -0.74560755  0.33859813  1.1359755 ] left_ee=[0.0047254  0.00475029] right_arm=[ 0.09251361  0.40851098  0.19765154  0.25567964 -0.3136201   0.02332617] right_ee=[0.04081094 0.04084136]
step=273 env=0 left_arm=[-0.05774001  1.6368297   1.3092805  -0.7829453   0.31119555  1.1621654 ] left_ee=[0.00604839 0.00607762] right_arm=[ 0.0843453   0.37246567  0.18309517  0.23309347 -0.28610057  0.02147147] right_ee=[0.04088283 0.04091473]
step=274 env=0 left_arm=[-0.0467104   1.6271025   1.3133843  -0.81708795  0.2846443   1.1859589 ] left_ee=[0.00738953 0.0074212 ] right_arm=[ 0.0762014   0.33639884  0.16818014  0.21132556 -0.25876343  0.02005014] right_ee=[0.04101082 0.04104434]
step=275 env=0 left_arm=[-0.03460071  1.6135999   1.3152151  -0.85179144  0.2571062   1.208586  ] left_ee=[0.00873531 0.0087677 ] right_arm=[ 0.06792835  0.2991529   0.15256387  0.18851025 -0.23072891  0.0181819 ] right_ee=[0.04115807 0.04119207]
step=276 env=0 left_arm=[-0.02159582  1.5960503   1.3137108  -0.88597167  0.22776344  1.2291449 ] left_ee=[0.01014092 0.01017338] right_arm=[ 0.05904253  0.2586708   0.13584849  0.16332383 -0.20072813  0.01639876] right_ee=[0.04133342 0.04136769]
step=277 env=0 left_arm=[-0.00836091  1.5767028   1.3100121  -0.91910696  0.19848855  1.2469479 ] left_ee=[0.01157097 0.01160448] right_arm=[ 0.05019674  0.2190985   0.11944313  0.13797538 -0.17105715  0.01431085] right_ee=[0.0415515  0.04158938]
step=278 env=0 left_arm=[ 0.00402601  1.5562539   1.3046615  -0.94760555  0.17069614  1.2605901 ] left_ee=[0.01299438 0.01303295] right_arm=[ 0.04167668  0.18146624  0.1035611   0.1143945  -0.14275141  0.01249264] right_ee=[0.04183465 0.04187505]
step=279 env=0 left_arm=[ 0.01546397  1.5351231   1.2984558  -0.97469765  0.14268482  1.2735908 ] left_ee=[0.01438634 0.01442385] right_arm=[ 0.0327233   0.14233586  0.08696539  0.0901835  -0.11431825  0.01037138] right_ee=[0.04219234 0.04223175]
step=280 env=0 left_arm=[ 0.02595666  1.5125186   1.2907048  -0.9994041   0.1150173   1.285808  ] left_ee=[0.01579197 0.0158295 ] right_arm=[ 0.02371144  0.10397702  0.06969596  0.06682339 -0.08653641  0.00850784] right_ee=[0.04262005 0.04266048]
step=281 env=0 left_arm=[ 0.03498615  1.4921689   1.2833935  -1.0212039   0.08960678  1.2965038 ] left_ee=[0.017152  0.0171915] right_arm=[ 0.01503242  0.06819551  0.05317167  0.0451165  -0.06014077  0.0066964 ] right_ee=[0.04306814 0.04310983]
step=282 env=0 left_arm=[ 0.04260397  1.4755718   1.2777934  -1.0407499   0.06683491  1.308098  ] left_ee=[0.01840674 0.01844714] right_arm=[ 0.00737593  0.03627012  0.0388093   0.02518744 -0.0364365   0.0049721 ] right_ee=[0.04343805 0.04348091]
step=283 env=0 left_arm=[ 0.04892096  1.4621739   1.2740934  -1.0574564   0.0464931   1.3184805 ] left_ee=[0.01954988 0.01959004] right_arm=[ 0.0007515   0.00791095  0.02640893  0.00588883 -0.01572053  0.00225464] right_ee=[0.04365863 0.04369971]
step=284 env=0 left_arm=[ 0.05455488  1.4564111   1.2735941  -1.0708069   0.0312836   1.3306419 ] left_ee=[0.02055978 0.02059703] right_arm=[-0.00390756 -0.01247692  0.01784158 -0.00913878 -0.00055153 -0.00021264] right_ee=[0.04378779 0.0438277 ]
step=285 env=0 left_arm=[ 0.05920542  1.453335    1.2743951  -1.0829848   0.01823537  1.3425812 ] left_ee=[0.02147457 0.02150145] right_arm=[-0.00770252 -0.02968509  0.01055478 -0.02129022  0.01200699 -0.00146359] right_ee=[0.04386758 0.0438992 ]
step=286 env=0 left_arm=[ 0.06151257  1.4589647   1.278384   -1.0910642   0.01187998  1.3542962 ] left_ee=[0.022205   0.02222717] right_arm=[-0.00913739 -0.03685743  0.00748882 -0.02708095  0.01747616 -0.00173328] right_ee=[0.04391313 0.04394287]
step=287 env=0 left_arm=[ 0.06286126  1.4664918   1.28288    -1.0972995   0.0085246   1.3650556 ] left_ee=[0.02281513 0.02282519] right_arm=[-0.00987026 -0.04089968  0.00568225 -0.03076578  0.02063079 -0.00206551] right_ee=[0.04394535 0.04396364]
step=288 env=0 left_arm=[ 0.06322619  1.4787235   1.2887462  -1.1023365   0.00745733  1.3767067 ] left_ee=[0.02332815 0.02332979] right_arm=[-0.01014356 -0.04325412  0.00422781 -0.03170336  0.02217948 -0.00145669] right_ee=[0.0439657  0.04397682]
step=289 env=0 left_arm=[ 0.06328888  1.4906814   1.2936928  -1.1071835   0.00692993  1.3877736 ] left_ee=[0.02376638 0.0237585 ] right_arm=[-0.01020988 -0.04550721  0.00284193 -0.03244593  0.02344836 -0.00074315] right_ee=[0.04397891 0.04398489]
step=290 env=0 left_arm=[ 0.06348372  1.5036455   1.2995101  -1.1127584   0.00639285  1.400528  ] left_ee=[0.02418549 0.02417711] right_arm=[-0.01028166 -0.04747473  0.00117006 -0.03251657  0.02470051  0.00013693] right_ee=[0.04398709 0.04399034]
step=291 env=0 left_arm=[ 0.06364834  1.5175273   1.3053383  -1.1181431   0.00663321  1.4125209 ] left_ee=[0.0245252  0.02451481] right_arm=[-1.0384729e-02 -4.9059007e-02 -1.8717685e-05 -3.2371670e-02
  2.5540102e-02  1.0668966e-03] right_ee=[0.04399185 0.04399416]
step=292 env=0 left_arm=[ 0.06367243  1.5337316   1.3122525  -1.1244216   0.00749315  1.4253979 ] left_ee=[0.02481747 0.02480589] right_arm=[-0.01038431 -0.05049322 -0.00094298 -0.03228541  0.02600609  0.00185418] right_ee=[0.04399474 0.04399654]
step=293 env=0 left_arm=[ 0.06346501  1.5510426   1.3201319  -1.1309097   0.00870031  1.4386579 ] left_ee=[0.02503636 0.02502476] right_arm=[-0.01037696 -0.05148384 -0.00137358 -0.03156083  0.02621352  0.00295907] right_ee=[0.04399668 0.04399782]
step=294 env=0 left_arm=[ 0.06304763  1.5690426   1.3278693  -1.137695    0.01018989  1.4528279 ] left_ee=[0.02525179 0.02523645] right_arm=[-0.01025029 -0.05220288 -0.00153128 -0.03087594  0.02652727  0.00385956] right_ee=[0.04399795 0.04399861]
step=295 env=0 left_arm=[ 0.06219259  1.5867133   1.3356667  -1.1444062   0.01144979  1.4661922 ] left_ee=[0.02542873 0.02541366] right_arm=[-0.01007533 -0.05273494 -0.00175516 -0.03037434  0.02708364  0.00426036] right_ee=[0.0439988  0.04399908]
step=296 env=0 left_arm=[ 0.06124792  1.6063678   1.3452959  -1.1518196   0.01297044  1.480893  ] left_ee=[0.0255773  0.02556439] right_arm=[-0.00998072 -0.05349611 -0.00215753 -0.02951892  0.02768623  0.00477152] right_ee=[0.04399922 0.04399945]
step=297 env=0 left_arm=[ 0.0599357   1.6245462   1.3533123  -1.1585929   0.01480526  1.4935902 ] left_ee=[0.02569257 0.0256744 ] right_arm=[-0.00995944 -0.05468613 -0.00267144 -0.02831246  0.02847014  0.0051893 ] right_ee=[0.04399955 0.04399971]
step=298 env=0 left_arm=[ 0.0589564   1.6427437   1.3610924  -1.165346    0.01658917  1.5067868 ] left_ee=[0.02579111 0.02577384] right_arm=[-0.01012465 -0.05651651 -0.00318855 -0.0271429   0.02921836  0.00542898] right_ee=[0.04399939 0.04399994]
step=299 env=0 left_arm=[ 0.0578934   1.65983     1.3678223  -1.1709262   0.01809503  1.5184846 ] left_ee=[0.02581336 0.02579658] right_arm=[-0.01018113 -0.05847441 -0.00378276 -0.0260155   0.03014825  0.00558706] right_ee=[0.04399938 0.04399992]
step=300 env=0 left_arm=[ 0.05727444  1.6749948   1.373554   -1.175564    0.01982602  1.5294986 ] left_ee=[0.0257492  0.02573339] right_arm=[-0.01041706 -0.05993485 -0.00464376 -0.02520143  0.03118381  0.00575386] right_ee=[0.04399915 0.04399993]
