step=1 env=0 left_arm=[-0.03000807  0.00419259  0.0030344  -0.04956885 -0.02202656  0.02014937] left_ee=[0.04398284 0.04399371] right_arm=[ 0.02267598 -0.03053847 -0.00725464 -0.03436679  0.00534387 -0.03625045] right_ee=[0.04359191 0.0436068 ]
step=2 env=0 left_arm=[-0.03556916  0.04390009  0.03492228 -0.07168394 -0.02326085  0.05934092] left_ee=[0.04397821 0.044     ] right_arm=[ 0.02345823 -0.05044938 -0.00954174 -0.03860445  0.00602964 -0.03848653] right_ee=[0.04348999 0.04345587]
step=3 env=0 left_arm=[-0.03662117  0.08937321  0.06597524 -0.09811547 -0.02469362  0.10159213] left_ee=[0.04398598 0.044     ] right_arm=[ 0.02245441 -0.05242887 -0.00843445 -0.03773928  0.01058229 -0.03607024] right_ee=[0.04346248 0.04344528]
step=4 env=0 left_arm=[-0.03818373  0.14568286  0.10510197 -0.12503728 -0.02569086  0.1564433 ] left_ee=[0.04399686 0.044     ] right_arm=[ 0.02042785 -0.0580538  -0.00834627 -0.03807216  0.01276394 -0.03460051] right_ee=[0.04359651 0.0435934 ]
step=5 env=0 left_arm=[-0.04591289  0.26332647  0.18723258 -0.17906308 -0.01731559  0.24002944] left_ee=[0.0439962 0.044    ] right_arm=[ 0.01669781 -0.07054597 -0.01975795 -0.04307207  0.00962842 -0.03040034] right_ee=[0.04375699 0.04376198]
step=6 env=0 left_arm=[-0.0468307   0.37062237  0.2605548  -0.2380323  -0.01319984  0.32874566] left_ee=[0.044 0.044] right_arm=[ 0.01465188 -0.06663887 -0.01455578 -0.03866839  0.00626868 -0.03419989] right_ee=[0.04385604 0.04385865]
step=7 env=0 left_arm=[-0.04977341  0.4677035   0.3373242  -0.29841188 -0.00717179  0.40818733] left_ee=[0.044 0.044] right_arm=[ 0.01284068 -0.04744959 -0.01405825 -0.03408668  0.00466275 -0.04030443] right_ee=[0.04391473 0.04391623]
step=8 env=0 left_arm=[-0.0491874   0.615606    0.434727   -0.38697675 -0.00900106  0.52750415] left_ee=[0.044 0.044] right_arm=[ 0.01255581 -0.05647448 -0.01361183 -0.03585626  0.00992201 -0.04784169] right_ee=[0.04395123 0.04394918]
step=9 env=0 left_arm=[-0.05033989  0.7467933   0.5329327  -0.46740556 -0.00434776  0.6481009 ] left_ee=[0.044 0.044] right_arm=[ 0.0031946  -0.05432731 -0.02041561 -0.02480289  0.00532073 -0.03967141] right_ee=[0.04397132 0.04397073]
step=10 env=0 left_arm=[-0.05017951  0.8540785   0.60662526 -0.5372164   0.00173375  0.72416997] left_ee=[0.044 0.044] right_arm=[ 0.01006343 -0.06293492 -0.00478832 -0.02671979  0.0086681  -0.03925152] right_ee=[0.04397656 0.04398934]
step=11 env=0 left_arm=[-4.7510117e-02  9.9139231e-01  7.2281545e-01 -6.1327112e-01
  6.3045061e-04  8.4655291e-01] left_ee=[0.044      0.04396147] right_arm=[ 0.00559324 -0.05531849 -0.01007342 -0.02524446  0.01369315 -0.04661573] right_ee=[0.0439932  0.04398605]
step=12 env=0 left_arm=[-0.05421072  1.0897521   0.7721218  -0.6522389   0.0058906   0.90983886] left_ee=[0.044      0.04394297] right_arm=[ 0.0177751  -0.04387474 -0.00510616 -0.0112149   0.00258655 -0.05029271] right_ee=[0.04398317 0.04398289]
step=13 env=0 left_arm=[-0.04472787  1.2151103   0.8639208  -0.72902924  0.00979649  1.0147457 ] left_ee=[0.044      0.04396524] right_arm=[ 0.01745532 -0.0409035   0.00681216 -0.01702323  0.0104972  -0.04966279] right_ee=[0.04399447 0.04397009]
step=14 env=0 left_arm=[-0.03944933  1.3071008   0.9215595  -0.7731115   0.02124275  1.0660228 ] left_ee=[0.044      0.04397036] right_arm=[ 0.01877781 -0.05154262  0.00352351 -0.01353295  0.0182662  -0.0497864 ] right_ee=[0.04399226 0.04399189]
step=15 env=0 left_arm=[-0.03186341  1.3457013   0.95797634 -0.8035258   0.01780123  1.1059775 ] left_ee=[0.04398178 0.04396664] right_arm=[ 0.01226832 -0.05567611 -0.00414693 -0.01435423  0.0215951  -0.04456865] right_ee=[0.04399218 0.04399594]
step=16 env=0 left_arm=[-0.04014952  1.4545914   1.0157286  -0.85115373  0.02500741  1.1760125 ] left_ee=[0.044      0.04398226] right_arm=[ 0.01496936 -0.04130101  0.00671362 -0.01463928  0.01712723 -0.06349318] right_ee=[0.04398782 0.04399532]
step=17 env=0 left_arm=[-0.03081905  1.4893545   1.0408509  -0.8827757   0.02491627  1.2032974 ] left_ee=[0.04398096 0.04396617] right_arm=[ 0.01492687 -0.04548418  0.00181873 -0.02109213  0.02717254 -0.05955371] right_ee=[0.04399462 0.04399078]
step=18 env=0 left_arm=[-0.02897042  1.5730656   1.1142805  -0.9387109   0.02547358  1.2642269 ] left_ee=[0.0427046  0.04273915] right_arm=[ 0.01395569 -0.05934455  0.00540929 -0.03343832  0.02889464 -0.05477814] right_ee=[0.04399427 0.04399792]
step=19 env=0 left_arm=[-0.02613108  1.597395    1.1259754  -0.95492464  0.03072799  1.2832925 ] left_ee=[0.04123117 0.041138  ] right_arm=[ 0.01391597 -0.07740839  0.00835172 -0.02506252  0.02803328 -0.05866197] right_ee=[0.04399595 0.04399782]
step=20 env=0 left_arm=[-0.02463119  1.6060914   1.1275244  -0.9623786   0.0249196   1.2866503 ] left_ee=[0.03833127 0.03828614] right_arm=[ 0.01256685 -0.07216605 -0.01500623 -0.01282113  0.02386302 -0.05923072] right_ee=[0.04399129 0.04399607]
step=21 env=0 left_arm=[-0.02385445  1.6014895   1.1043893  -0.9599542   0.0170446   1.3042185 ] left_ee=[0.03582504 0.03575065] right_arm=[ 0.00950392 -0.05439783 -0.03070025 -0.00547475  0.01879851 -0.05861142] right_ee=[0.04399645 0.04399529]
step=22 env=0 left_arm=[-0.02304288  1.6585602   1.1645252  -1.0096625   0.02388124  1.3383636 ] left_ee=[0.03218501 0.03228498] right_arm=[ 0.01061163 -0.0760497  -0.02863473 -0.01127766  0.02755733 -0.0522491 ] right_ee=[0.04399472 0.04399112]
step=23 env=0 left_arm=[-0.0204836   1.6593423   1.1469306  -1.0117928   0.01818632  1.3466426 ] left_ee=[0.02950892 0.02941386] right_arm=[ 0.00961632 -0.06130124 -0.03638999 -0.00934539  0.02758787 -0.05244625] right_ee=[0.04399407 0.04399487]
step=24 env=0 left_arm=[-0.01675154  1.6575832   1.1510948  -1.0220598   0.01789567  1.3369719 ] left_ee=[0.02647419 0.02650196] right_arm=[ 0.01433296 -0.06118893 -0.02750589 -0.00726296  0.02387971 -0.06409244] right_ee=[0.04399452 0.04399429]
step=25 env=0 left_arm=[-0.01628114  1.6917502   1.1646494  -1.0166552   0.01730179  1.3737255 ] left_ee=[0.0237205  0.02374044] right_arm=[ 0.00875856 -0.05763225 -0.03644662  0.00344449  0.02462424 -0.05912076] right_ee=[0.04399363 0.04398598]
step=26 env=0 left_arm=[-0.01452646  1.6782267   1.1765931  -1.035077    0.01764862  1.3654863 ] left_ee=[0.02074006 0.02073565] right_arm=[ 0.0125513  -0.06242787 -0.03636919  0.0043977   0.01367049 -0.0512864 ] right_ee=[0.04398643 0.04399054]
step=27 env=0 left_arm=[-0.01492128  1.6851276   1.1635331  -1.0307714   0.01472383  1.3821503 ] left_ee=[0.01840382 0.01834473] right_arm=[ 0.00998005 -0.04997276 -0.0365208   0.00455333  0.01568606 -0.05699258] right_ee=[0.0439965  0.04398283]
step=28 env=0 left_arm=[-0.00963091  1.6912106   1.1853145  -1.0566306   0.00764828  1.3759927 ] left_ee=[0.01689816 0.01694455] right_arm=[ 0.00997395 -0.05009257 -0.03127458 -0.00517721  0.02305658 -0.06755725] right_ee=[0.04399547 0.0439939 ]
step=29 env=0 left_arm=[-0.01394011  1.66191     1.1542902  -1.0304549   0.01082964  1.3303739 ] left_ee=[0.01531673 0.01527755] right_arm=[ 0.01338946 -0.03888819 -0.03091479  0.00897301  0.01677279 -0.07474002] right_ee=[0.04398044 0.04398634]
step=30 env=0 left_arm=[-0.00846436  1.6765546   1.1842036  -1.0643592   0.00557085  1.3589219 ] left_ee=[0.01369639 0.01376405] right_arm=[ 0.00842737 -0.03518461 -0.02485745 -0.00822866  0.01437189 -0.07819772] right_ee=[0.04399575 0.04398212]
step=31 env=0 left_arm=[-0.009532    1.6688689   1.1812507  -1.0626556   0.00586504  1.3539006 ] left_ee=[0.01311413 0.01310971] right_arm=[ 0.00783718 -0.03324985 -0.02829967 -0.00506063  0.00890734 -0.07909578] right_ee=[0.04393995 0.04394418]
step=32 env=0 left_arm=[-0.00908691  1.6928145   1.1963884  -1.0657206   0.00828406  1.3741101 ] left_ee=[0.01243431 0.01245434] right_arm=[ 0.00737405 -0.0388422  -0.02878271 -0.00315141  0.01645176 -0.07347351] right_ee=[0.04397015 0.04395987]
step=33 env=0 left_arm=[-0.00719902  1.7032914   1.2102495  -1.0864679   0.01158053  1.3675991 ] left_ee=[0.01043682 0.01041793] right_arm=[ 0.00720085 -0.04167904 -0.0337496   0.00057981  0.01709627 -0.06051839] right_ee=[0.04397737 0.04398444]
step=34 env=0 left_arm=[-0.00305497  1.6652797   1.1985654  -1.0635753   0.00613835  1.3528843 ] left_ee=[0.00966769 0.00968244] right_arm=[ 0.0059582  -0.0376871  -0.0187281  -0.00548292  0.01218546 -0.08361048] right_ee=[0.04384911 0.04385001]
step=35 env=0 left_arm=[-2.7025436e-04  1.6762878e+00  1.2013484e+00 -1.0805982e+00
  8.3783772e-03  1.3576794e+00] left_ee=[0.00907733 0.00903487] right_arm=[ 0.00494183 -0.03450317 -0.01846106 -0.00972831  0.01089545 -0.08154688] right_ee=[0.04390676 0.04391028]
step=36 env=0 left_arm=[ 0.00607172  1.6727847   1.211815   -1.1017075   0.00939511  1.3464777 ] left_ee=[0.00838861 0.00840937] right_arm=[ 0.00404223 -0.05868687 -0.02892792 -0.00971903  0.0183249  -0.07136938] right_ee=[0.04394817 0.04394455]
step=37 env=0 left_arm=[ 0.0090816   1.6875585   1.214371   -1.1037544   0.00255081  1.3518348 ] left_ee=[0.00720819 0.00721449] right_arm=[ 0.00549013 -0.04343828 -0.01513982 -0.01453113  0.02058031 -0.08251312] right_ee=[0.04396655 0.04397196]
step=38 env=0 left_arm=[ 0.01170362  1.6903716   1.2328205  -1.1108493   0.00663908  1.3661789 ] left_ee=[0.00725579 0.00729217] right_arm=[ 0.00305757 -0.05672363 -0.01929795 -0.02022004  0.02082436 -0.08192939] right_ee=[0.04397982 0.04398258]
step=39 env=0 left_arm=[ 1.7844282e-02  1.6782560e+00  1.2433115e+00 -1.1323931e+00
  1.0021821e-03  1.3624479e+00] left_ee=[0.00683193 0.00681618] right_arm=[ 0.0007242  -0.04885252 -0.0013822  -0.03338483  0.02249636 -0.08934507] right_ee=[0.04381023 0.04380676]
step=40 env=0 left_arm=[ 0.02275071  1.6876849   1.2547141  -1.1478715  -0.00367517  1.3618528 ] left_ee=[0.00529091 0.00529811] right_arm=[-0.00110254 -0.05298167 -0.00638078 -0.04155565  0.0339479  -0.08553449] right_ee=[0.04378359 0.04379011]
step=41 env=0 left_arm=[ 2.1349370e-02  1.6710005e+00  1.2508961e+00 -1.1389468e+00
 -1.1469059e-03  1.3416309e+00] left_ee=[0.00499732 0.00500097] right_arm=[ 0.00126401 -0.05849543  0.0005634  -0.0362222   0.03562774 -0.08494992] right_ee=[0.04368422 0.04369527]
step=42 env=0 left_arm=[ 0.01951051  1.6685435   1.2421846  -1.1411124   0.00449162  1.3334033 ] left_ee=[0.00472022 0.00469026] right_arm=[-0.00216999 -0.05582907 -0.00378219 -0.03299061  0.02931481 -0.0841517 ] right_ee=[0.04369134 0.04370037]
step=43 env=0 left_arm=[ 2.5565822e-02  1.6549205e+00  1.2481670e+00 -1.1562977e+00
  2.4494925e-04  1.3230433e+00] left_ee=[0.00436012 0.00438865] right_arm=[-0.00524948 -0.05044715  0.00155088 -0.05294757  0.03297418 -0.08768967] right_ee=[0.04347208 0.04346925]
step=44 env=0 left_arm=[ 0.02298777  1.6493312   1.2539501  -1.1643459   0.0115182   1.3102033 ] left_ee=[0.0048673  0.00488806] right_arm=[-0.00378418 -0.06962446 -0.00378468 -0.05952859  0.04148987 -0.07822999] right_ee=[0.04328489 0.04328893]
step=45 env=0 left_arm=[ 0.02547343  1.6578647   1.2381295  -1.1434202   0.00791229  1.3208698 ] left_ee=[0.00527647 0.00527057] right_arm=[-0.00431842 -0.07072385 -0.02109798 -0.03512666  0.03004738 -0.07760601] right_ee=[0.04332085 0.04333873]
step=46 env=0 left_arm=[ 0.02901682  1.6416897   1.242788   -1.1543308   0.01339345  1.3053132 ] left_ee=[0.00552485 0.00553264] right_arm=[-0.00487902 -0.08871737 -0.01856564 -0.04393708  0.04023388 -0.06148359] right_ee=[0.04324476 0.04322613]
step=47 env=0 left_arm=[ 0.03737801  1.6172839   1.2308896  -1.1426268  -0.00219838  1.2709987 ] left_ee=[0.00579658 0.00580667] right_arm=[-0.00524661 -0.07059271  0.00810145 -0.06534011  0.04011549 -0.08131125] right_ee=[0.04273752 0.04273847]
step=48 env=0 left_arm=[ 0.02998033  1.5916158   1.1859522  -1.0908647   0.01518699  1.2350057 ] left_ee=[0.00584813 0.00580188] right_arm=[-0.0062401  -0.08109234  0.00319295 -0.04828648  0.04172404 -0.08121271] right_ee=[0.04231478 0.04231708]
step=49 env=0 left_arm=[ 0.04140922  1.5845792   1.1812551  -1.0612372   0.02449522  1.2089494 ] left_ee=[0.00578377 0.0058555 ] right_arm=[-0.00508443 -0.09048989  0.00936594 -0.04035405  0.04256839 -0.06539978] right_ee=[0.04213084 0.04212959]
step=50 env=0 left_arm=[ 0.03150246  1.5201159   1.1179819  -1.0096397   0.03044101  1.1504166 ] left_ee=[0.00648169 0.00638544] right_arm=[-0.00718485 -0.10556758 -0.00724599 -0.05744071  0.04062097 -0.07038371] right_ee=[0.04169733 0.04170605]
step=51 env=0 left_arm=[-0.12543145  1.7088115   1.3146769  -1.207367    0.00639125  1.3394325 ] left_ee=[0.01374397 0.01370152] right_arm=[-0.00866744 -0.07574475 -0.0103472  -0.04336788  0.03855258 -0.01786924] right_ee=[0.04255617 0.04256144]
step=52 env=0 left_arm=[-0.13252479  1.9066935   1.5140815  -1.3978423   0.00246487  1.4285651 ] left_ee=[0.01739185 0.01747641] right_arm=[-0.00953943 -0.05857166 -0.00759142 -0.04309445  0.03855667 -0.01100585] right_ee=[0.04307815 0.04307937]
step=53 env=0 left_arm=[-1.2451336e-01  2.0790901e+00  1.7049750e+00 -1.4888016e+00
  2.0134752e-03  1.4416771e+00] left_ee=[0.01784063 0.01823006] right_arm=[-0.00722335 -0.05673374 -0.00923295 -0.04655847  0.03964102 -0.00529973] right_ee=[0.0434373  0.04344153]
step=54 env=0 left_arm=[-0.10954687  2.108663    1.8585467  -1.5096868  -0.00231113  1.4387763 ] left_ee=[0.01805662 0.01781625] right_arm=[-0.00743609 -0.0499262  -0.00796082 -0.04321029  0.03923588 -0.00706552] right_ee=[0.04361445 0.04361273]
step=55 env=0 left_arm=[-0.09230562  2.103628    1.8719776  -1.5138272  -0.00418632  1.438637  ] left_ee=[0.01693552 0.01660787] right_arm=[-0.00524137 -0.04885584 -0.00998452 -0.04252979  0.04151033 -0.006351  ] right_ee=[0.04375421 0.04375492]
step=56 env=0 left_arm=[-0.0827165   2.1014743   1.8774024  -1.5192149  -0.00576702  1.4424059 ] left_ee=[0.01547639 0.01533007] right_arm=[-0.00506236 -0.04611146 -0.00995719 -0.04153709  0.04047577 -0.00685835] right_ee=[0.04381416 0.0438134 ]
step=57 env=0 left_arm=[-0.06610187  2.089902    1.8739636  -1.5136814  -0.00392002  1.4326507 ] left_ee=[0.0137487  0.01369016] right_arm=[-0.00348141 -0.0439566  -0.0088802  -0.03895247  0.03762937 -0.00657925] right_ee=[0.04388664 0.04388779]
step=58 env=0 left_arm=[-0.05489729  2.0857153   1.8744216  -1.5141407  -0.01109321  1.4273219 ] left_ee=[0.01135779 0.01133734] right_arm=[-0.002116   -0.04653785 -0.01120187 -0.03795582  0.03732663 -0.00313508] right_ee=[0.04393525 0.0439312 ]
step=59 env=0 left_arm=[-0.04787896  2.0824735   1.8715054  -1.5140458  -0.01012624  1.4328846 ] left_ee=[0.00943464 0.00942199] right_arm=[-0.00219748 -0.04272503 -0.00707685 -0.03594752  0.03611024 -0.0020836 ] right_ee=[0.04396311 0.04395884]
step=60 env=0 left_arm=[-0.03670677  2.0770104   1.8699721  -1.5149655  -0.0126269   1.4274278 ] left_ee=[0.00732275 0.00732092] right_arm=[-0.00046964 -0.04150718 -0.00754285 -0.03326992  0.03382799  0.00048129] right_ee=[0.0439773  0.04397754]
step=61 env=0 left_arm=[-0.02785691  2.0719857   1.8704908  -1.5160882  -0.01100774  1.427016  ] left_ee=[0.00592363 0.00592568] right_arm=[ 0.00061722 -0.03683744 -0.00431595 -0.02896917  0.03120519  0.00149064] right_ee=[0.04398844 0.04398501]
step=62 env=0 left_arm=[-0.02247366  2.0672133   1.8634199  -1.5152062  -0.01626057  1.4286704 ] left_ee=[0.00451204 0.00450958] right_arm=[ 0.00095313 -0.03996306 -0.00942733 -0.02684687  0.03267215  0.00481843] right_ee=[0.04399592 0.04398926]
step=63 env=0 left_arm=[-0.00787013  2.0589147   1.8533059  -1.5151836  -0.02076159  1.4333353 ] left_ee=[0.00282118 0.00282247] right_arm=[ 0.00029273 -0.03566552 -0.00793602 -0.02205302  0.03133556  0.0073005 ] right_ee=[0.04399718 0.04399547]
step=64 env=0 left_arm=[-0.00482867  2.0552301   1.8586715  -1.52327    -0.01734756  1.423584  ] left_ee=[0.00141955 0.00142838] right_arm=[ 0.00089882 -0.03334214 -0.00453508 -0.02234958  0.03027727  0.00671713] right_ee=[0.04399791 0.04399814]
step=65 env=0 left_arm=[ 0.00288847  2.0437868   1.8579268  -1.5269451  -0.01958515  1.4154971 ] left_ee=[0.00018586 0.00018748] right_arm=[-0.00060694 -0.03602588 -0.00296366 -0.02248332  0.03020084  0.0062209 ] right_ee=[0.04399855 0.04399687]
step=66 env=0 left_arm=[ 0.00636518  2.03979     1.844072   -1.5159271  -0.02045386  1.4170736 ] left_ee=[0. 0.] right_arm=[ 0.00132918 -0.03056287 -0.00280873 -0.02078325  0.02873267  0.01076393] right_ee=[0.04399627 0.04399737]
step=67 env=0 left_arm=[ 0.01347148  2.0407662   1.8517522  -1.529308   -0.02015592  1.4196384 ] left_ee=[0. 0.] right_arm=[ 0.00039695 -0.03088357 -0.00202053 -0.01951014  0.02928009  0.00983853] right_ee=[0.04399865 0.04399505]
step=68 env=0 left_arm=[ 0.02048743  2.0363839   1.8525357  -1.5302802  -0.02242784  1.4158505 ] left_ee=[0. 0.] right_arm=[-5.2516760e-05 -2.9317429e-02 -1.6859036e-03 -1.9329447e-02
  2.7326146e-02  9.7967656e-03] right_ee=[0.04399776 0.04399928]
step=69 env=0 left_arm=[ 0.02492826  2.0289254   1.844508   -1.5282103  -0.02154491  1.4096111 ] left_ee=[0. 0.] right_arm=[ 0.00024146 -0.0292079  -0.00124783 -0.0187026   0.02721727  0.0089786 ] right_ee=[0.04399915 0.04399881]
step=70 env=0 left_arm=[ 0.02904255  2.0214164   1.8435706  -1.533072   -0.02393182  1.4037418 ] left_ee=[0. 0.] right_arm=[ 0.00049737 -0.03208122 -0.00259956 -0.01791559  0.02744838  0.00738735] right_ee=[0.04399975 0.04399912]
step=71 env=0 left_arm=[ 0.03013942  2.0192215   1.8446676  -1.5372736  -0.02460934  1.4064399 ] left_ee=[0. 0.] right_arm=[ 0.00039829 -0.03131222 -0.00122605 -0.01767081  0.02822747  0.0067684 ] right_ee=[0.04399943 0.04399927]
step=72 env=0 left_arm=[ 0.03534367  2.0172658   1.8488461  -1.5464255  -0.02522102  1.4063089 ] left_ee=[0. 0.] right_arm=[ 0.00063506 -0.030393   -0.00036734 -0.01660652  0.02687519  0.00901548] right_ee=[0.04399865 0.04399901]
step=73 env=0 left_arm=[ 0.05134824  2.0058043   1.8275628  -1.5340731  -0.02873775  1.417004  ] left_ee=[0. 0.] right_arm=[ 0.00127883 -0.0269007  -0.003546   -0.01242486  0.02735745  0.01226459] right_ee=[0.04399977 0.04399864]
step=74 env=0 left_arm=[ 0.05225204  2.004856    1.8369505  -1.5513904  -0.02620427  1.4029555 ] left_ee=[0. 0.] right_arm=[ 0.00093435 -0.02699876  0.00048349 -0.01536515  0.02630595  0.00703002] right_ee=[0.04399996 0.04399948]
step=75 env=0 left_arm=[ 0.06174793  2.000514    1.8332248  -1.5520657  -0.03147122  1.4193748 ] left_ee=[0. 0.] right_arm=[ 0.00081885 -0.02817065 -0.00182445 -0.01237533  0.0266018   0.00994337] right_ee=[0.04399975 0.04399932]
step=76 env=0 left_arm=[ 0.06015965  2.0043194   1.8470279  -1.5612419  -0.02757887  1.4167945 ] left_ee=[0. 0.] right_arm=[ 0.00247928 -0.02446126  0.00455852 -0.01749958  0.02491632  0.01196422] right_ee=[0.04399823 0.04399743]
step=77 env=0 left_arm=[ 0.0683513   2.0010085   1.846756   -1.5747358  -0.02811984  1.4235477 ] left_ee=[0. 0.] right_arm=[ 0.00149039 -0.02743701  0.00252838 -0.01530151  0.02378061  0.00829361] right_ee=[0.04399937 0.0439959 ]
step=78 env=0 left_arm=[ 0.06447957  2.0118933   1.8588345  -1.585403   -0.02333352  1.4196388 ] left_ee=[0.00032242 0.00034507] right_arm=[ 0.0016865  -0.02609757  0.0071487  -0.01354131  0.02310315  0.00825316] right_ee=[0.0439989  0.04399888]
step=79 env=0 left_arm=[ 0.06578705  1.9972832   1.8480717  -1.5860696  -0.02200692  1.4024695 ] left_ee=[0.00093919 0.0009065 ] right_arm=[ 0.00134956 -0.03467223  0.00636928 -0.01533587  0.02387639  0.00380023] right_ee=[0.04399911 0.04399851]
step=80 env=0 left_arm=[ 0.07534219  1.9991175   1.8460959  -1.5957073  -0.0177393   1.4106219 ] left_ee=[0.00189704 0.00192471] right_arm=[ 0.00113014 -0.0280111   0.0105258  -0.01256081  0.02168715  0.00606993] right_ee=[0.04399819 0.04399893]
step=81 env=0 left_arm=[ 0.08452655  1.9890989   1.8376588  -1.5960069  -0.02121506  1.4075264 ] left_ee=[0.00304289 0.00304678] right_arm=[-0.00015877 -0.03169136  0.00841098 -0.01254385  0.02088405  0.00284956] right_ee=[0.04399916 0.04399772]
step=82 env=0 left_arm=[ 0.09001387  1.9764367   1.8260192  -1.5853784  -0.01741908  1.3993276 ] left_ee=[0.00340653 0.00341819] right_arm=[-0.00037548 -0.03584546  0.00488323 -0.01160314  0.02173828  0.00454607] right_ee=[0.04399904 0.04399936]
step=83 env=0 left_arm=[ 0.09631763  1.9701887   1.8133358  -1.5834578  -0.00955589  1.405857  ] left_ee=[0.00523159 0.00523804] right_arm=[-0.00103507 -0.0339687   0.00855329 -0.01360335  0.02030405  0.00809077] right_ee=[0.04399883 0.04399977]
step=84 env=0 left_arm=[ 9.2344679e-02  1.9548404e+00  1.7985308e+00 -1.5706669e+00
 -6.3470349e-04  1.3692786e+00] left_ee=[0.00590805 0.00590619] right_arm=[-0.00174132 -0.04456582  0.00552511 -0.01556808  0.02103294 -0.0003046 ] right_ee=[0.04399874 0.04399939]
step=85 env=0 left_arm=[ 0.10362659  1.930548    1.7620476  -1.5449779   0.00244955  1.3446826 ] left_ee=[0.0073795  0.00738258] right_arm=[-0.00287342 -0.04738103  0.00552245 -0.00372864  0.01624163  0.00892574] right_ee=[0.04399833 0.04399834]
step=86 env=0 left_arm=[ 0.11194613  1.8788364   1.7079315  -1.5023766   0.01465462  1.3091735 ] left_ee=[0.00928271 0.00925271] right_arm=[-0.00684427 -0.07207265  0.00428938 -0.01270322  0.02051969  0.00141882] right_ee=[0.04399338 0.04399528]
step=87 env=0 left_arm=[ 0.11940845  1.8659724   1.6866854  -1.4822675   0.01345629  1.290556  ] left_ee=[0.01047427 0.01052708] right_arm=[-0.00716531 -0.07069671  0.00087709 -0.00848765  0.02026911  0.0042223 ] right_ee=[0.04398971 0.04399851]
step=88 env=0 left_arm=[ 0.10930479  1.83837     1.655434   -1.439153    0.03225649  1.2482544 ] left_ee=[0.01069548 0.01069014] right_arm=[-0.00459504 -0.07581377  0.00094017 -0.00285772  0.01891807  0.00584445] right_ee=[0.04399218 0.04399679]
step=89 env=0 left_arm=[ 0.10485218  1.7422239   1.5472062  -1.3177245   0.0678131   1.1547801 ] left_ee=[0.01214656 0.01210388] right_arm=[-0.00712778 -0.08558194  0.00976923 -0.00154689  0.01745725  0.01585103] right_ee=[0.04399884 0.04399284]
step=90 env=0 left_arm=[ 0.11135428  1.6914436   1.4936799  -1.276374    0.06909225  1.1358078 ] left_ee=[0.01322216 0.01324988] right_arm=[-0.00750625 -0.09246404  0.01090272 -0.0093013   0.02224894  0.01978938] right_ee=[0.04399674 0.04399703]
step=91 env=0 left_arm=[ 0.09550196  1.5754068   1.3738     -1.1386875   0.106549    1.0168358 ] left_ee=[0.01376856 0.01376277] right_arm=[-0.00799026 -0.09949628  0.0154584  -0.00939737  0.01739585  0.01842347] right_ee=[0.0439938  0.04399748]
step=92 env=0 left_arm=[ 0.09139134  1.5004715   1.2881966  -1.0509855   0.12202707  0.9737114 ] left_ee=[0.01478304 0.01483503] right_arm=[-0.00783303 -0.10067617  0.01619135 -0.01377018  0.01534442  0.02201981] right_ee=[0.04399841 0.04399588]
step=93 env=0 left_arm=[ 0.08376616  1.3637481   1.1537683  -0.9091254   0.13850829  0.86232454] left_ee=[0.01550127 0.01553781] right_arm=[-0.00979862 -0.11128176  0.02063228 -0.03677951  0.02133225  0.0150059 ] right_ee=[0.04399439 0.0439949 ]
step=94 env=0 left_arm=[ 0.06620722  1.2536778   1.0368301  -0.7643976   0.16658558  0.7493815 ] left_ee=[0.01667255 0.01674989] right_arm=[-0.00908955 -0.09460008  0.03035083 -0.03464198  0.00972833  0.01237137] right_ee=[0.04398847 0.04399257]
step=95 env=0 left_arm=[ 0.05304755  1.1595252   0.93971413 -0.6502498   0.19157547  0.6721986 ] left_ee=[0.01724835 0.01733519] right_arm=[-0.00793686 -0.10048295  0.03009956 -0.04402476  0.00972414  0.00778003] right_ee=[0.04399807 0.04398812]
step=96 env=0 left_arm=[ 0.03258788  1.0584524   0.83613145 -0.50395656  0.2304798   0.5627912 ] left_ee=[0.01798391 0.01808111] right_arm=[-0.0050129  -0.07674897  0.03644047 -0.03505316 -0.00580283  0.00368112] right_ee=[0.0439959  0.04398849]
step=97 env=0 left_arm=[ 0.0301985   0.9379308   0.73068875 -0.4153419   0.21442863  0.47305384] left_ee=[0.01909616 0.01920626] right_arm=[-0.01130338 -0.08594204  0.03821138 -0.04658451  0.00789619 -0.01288077] right_ee=[0.04398605 0.0439801 ]
step=98 env=0 left_arm=[ 0.01672538  0.8446339   0.6351568  -0.32704663  0.21736382  0.3906458 ] left_ee=[0.01985477 0.01989926] right_arm=[-0.01351221 -0.0927431   0.04602762 -0.0495515   0.01339068 -0.01591544] right_ee=[0.04398099 0.04399778]
step=99 env=0 left_arm=[-1.4626677e-04  7.6313591e-01  5.6075072e-01 -2.2708714e-01
  2.4709225e-01  3.1062356e-01] left_ee=[0.02057023 0.02065066] right_arm=[-0.00963269 -0.06675579  0.05466333 -0.03711538 -0.00652742 -0.01597002] right_ee=[0.0439785 0.0439854]
step=100 env=0 left_arm=[-0.01107994  0.630857    0.43719503 -0.1343449   0.23080312  0.21732284] left_ee=[0.02193549 0.02201471] right_arm=[-0.01595037 -0.07100893  0.05840001 -0.05970957  0.00646679 -0.04101655] right_ee=[0.04398715 0.04397271]
step=101 env=0 left_arm=[-0.03370908  0.81571496  0.62448823 -0.33338046  0.04326166  0.41683018] left_ee=[0.02912744 0.02983156] right_arm=[ 0.02812683 -0.0483984   0.00642603 -0.03555699  0.03367493 -0.06375615] right_ee=[0.04395983 0.04397036]
step=102 env=0 left_arm=[-0.02271628  1.0037357   0.81700087 -0.532006   -0.02943204  0.61633193] left_ee=[0.03527479 0.03563898] right_arm=[ 0.03047189 -0.04085529  0.00432726 -0.03332809  0.03265444 -0.0647539 ] right_ee=[0.04398958 0.04394628]
step=103 env=0 left_arm=[-0.01399572  1.1336298   0.97780323 -0.7205243  -0.03318944  0.81167865] left_ee=[0.03900982 0.03920203] right_arm=[ 0.03304333 -0.03567856  0.00817078 -0.03279919  0.02929173 -0.05761296] right_ee=[0.04399612 0.04397514]
step=104 env=0 left_arm=[-0.00154666  1.1775842   1.0308466  -0.8927357  -0.02729016  0.98701227] left_ee=[0.04135879 0.04123493] right_arm=[ 0.03211995 -0.03116218  0.01368264 -0.02975862  0.0265673  -0.05737871] right_ee=[0.04399991 0.0439848 ]
step=105 env=0 left_arm=[ 0.01760939  1.2131586   1.0724906  -0.94310933 -0.02180524  1.0485461 ] left_ee=[0.04227581 0.04246842] right_arm=[ 0.02961438 -0.01888921  0.00715165 -0.0251144   0.02259642 -0.0585197 ] right_ee=[0.04399848 0.04399551]
step=106 env=0 left_arm=[ 0.03470455  1.2681938   1.1178805  -0.9820142  -0.01564026  1.0916667 ] left_ee=[0.04280495 0.04287514] right_arm=[ 0.03116634 -0.01181477  0.01491327 -0.02110032  0.01882399 -0.05896718] right_ee=[0.044      0.04399699]
step=107 env=0 left_arm=[ 0.04914599  1.2850655   1.1336892  -0.9950842  -0.00968342  1.1078633 ] left_ee=[0.04321145 0.04320091] right_arm=[ 0.02884445 -0.00698064  0.01450466 -0.01690136  0.01570554 -0.05987376] right_ee=[0.04391379 0.04390925]
step=108 env=0 left_arm=[ 0.07566748  1.3263469   1.1704807  -1.0378155  -0.00818328  1.1454313 ] left_ee=[0.04242572 0.04242741] right_arm=[ 0.03221735 -0.00842693  0.0233005  -0.01988533  0.0152121  -0.05447954] right_ee=[0.04385836 0.04385759]
step=109 env=0 left_arm=[ 0.08867107  1.354123    1.2009399  -1.0525559  -0.00345926  1.179921  ] left_ee=[0.04205101 0.04205294] right_arm=[ 0.03150826 -0.00983857  0.02481391 -0.0156972   0.00690717 -0.05119749] right_ee=[0.04391642 0.04391355]
step=110 env=0 left_arm=[ 1.08054414e-01  1.38296926e+00  1.21610689e+00 -1.08196676e+00
  1.17824766e-05  1.21580768e+00] left_ee=[0.04104798 0.04097611] right_arm=[ 0.03323249 -0.00174192  0.02943316 -0.01832999  0.00627446 -0.05024394] right_ee=[0.04378593 0.04378   ]
step=111 env=0 left_arm=[ 1.2826772e-01  1.3959053e+00  1.2153057e+00 -1.0707308e+00
  1.3044672e-03  1.2272346e+00] left_ee=[0.0404088  0.04039257] right_arm=[ 3.4096412e-02  8.3166109e-03  2.7921928e-02 -9.4138663e-03
  4.9136212e-05 -5.0587084e-02] right_ee=[0.0438292  0.04382771]
step=112 env=0 left_arm=[ 1.4255546e-01  1.4047515e+00  1.2109858e+00 -1.0755503e+00
 -7.7005679e-04  1.2400773e+00] left_ee=[0.03934608 0.03928771] right_arm=[ 0.03659905  0.02317138  0.03008275 -0.012068   -0.00424963 -0.0517755 ] right_ee=[0.04382029 0.04381674]
step=113 env=0 left_arm=[ 0.15170573  1.4101738   1.2100791  -1.0720303   0.00238331  1.2477385 ] left_ee=[0.03931594 0.03930465] right_arm=[ 0.03464062  0.02842034  0.03830215 -0.0125599  -0.00429739 -0.06323321] right_ee=[0.0436154 0.0435994]
step=114 env=0 left_arm=[ 0.17740466  1.4431739   1.2323275  -1.0949537   0.00679292  1.2766119 ] left_ee=[0.03800504 0.03801439] right_arm=[ 0.03679622  0.02732101  0.03569869 -0.01160633 -0.00632823 -0.05438507] right_ee=[0.04352168 0.04352558]
step=115 env=0 left_arm=[ 0.18146871  1.4207833   1.2146461  -1.0797448   0.0049785   1.2628825 ] left_ee=[0.03691459 0.03686779] right_arm=[ 0.0356952   0.02788294  0.03768621 -0.01326089 -0.00583522 -0.0501087 ] right_ee=[0.04354328 0.04353577]
step=116 env=0 left_arm=[ 0.1899589   1.4355403   1.2180529  -1.089354    0.00779573  1.2645255 ] left_ee=[0.03572454 0.0357099 ] right_arm=[ 0.03728185  0.03722977  0.04399051 -0.01474231 -0.00999992 -0.05633363] right_ee=[0.04343801 0.04344112]
step=117 env=0 left_arm=[ 0.19815847  1.4316974   1.2087983  -1.082892    0.00729071  1.26347   ] left_ee=[0.03518892 0.03517861] right_arm=[ 0.03309536  0.025578    0.04297528 -0.01150753 -0.00612158 -0.04714303] right_ee=[0.04351967 0.04350506]
step=118 env=0 left_arm=[ 0.20335662  1.4472374   1.223124   -1.0978758   0.01478648  1.269006  ] left_ee=[0.0342789  0.03429315] right_arm=[ 0.03397162  0.02651832  0.04331329 -0.01568327 -0.00448325 -0.04938935] right_ee=[0.04333394 0.04334249]
step=119 env=0 left_arm=[ 0.21041015  1.4310333   1.2106264  -1.0833324   0.02021791  1.2622184 ] left_ee=[0.03301498 0.03300701] right_arm=[ 0.03472547  0.02551589  0.04580447 -0.01131183 -0.00785502 -0.05179186] right_ee=[0.04322201 0.04322636]
step=120 env=0 left_arm=[ 0.21008214  1.3873869   1.1683542  -1.043403    0.01507726  1.2249984 ] left_ee=[0.03206867 0.03203295] right_arm=[ 0.03285423  0.025159    0.0436691  -0.00832722 -0.01100516 -0.05810675] right_ee=[0.04312252 0.04312011]
step=121 env=0 left_arm=[ 0.21036482  1.3720529   1.1491338  -1.0346849   0.01291494  1.2031202 ] left_ee=[0.03108882 0.03108473] right_arm=[ 0.02987307  0.0393531   0.04581358 -0.01070254 -0.01546469 -0.06083293] right_ee=[0.04312463 0.04312336]
step=122 env=0 left_arm=[ 0.21747358  1.3773304   1.1613886  -1.0474243   0.02030129  1.2197065 ] left_ee=[0.02981224 0.02986877] right_arm=[ 0.03028992  0.02314097  0.04716771 -0.01134819 -0.00950555 -0.0576682 ] right_ee=[0.04308244 0.04307619]
step=123 env=0 left_arm=[ 0.22158825  1.3725199   1.1467723  -1.0425986   0.02356291  1.2225772 ] left_ee=[0.02870859 0.02868324] right_arm=[ 0.02942827  0.03435356  0.04856403 -0.00877304 -0.01004588 -0.06113329] right_ee=[0.04308786 0.04309326]
step=124 env=0 left_arm=[ 0.21589428  1.3475056   1.1269625  -1.013755    0.02861719  1.1765167 ] left_ee=[0.02811715 0.02813667] right_arm=[ 0.02852991  0.02690816  0.0511718  -0.00789263 -0.00738058 -0.06809888] right_ee=[0.04301048 0.04300939]
step=125 env=0 left_arm=[ 0.21817163  1.3332101   1.1069252  -0.99422383  0.022391    1.173001  ] left_ee=[0.02798368 0.0279811 ] right_arm=[ 0.02679583  0.03612262  0.04774659 -0.00294315 -0.01319523 -0.0633923 ] right_ee=[0.04300598 0.04301575]
step=126 env=0 left_arm=[ 0.21796563  1.3408237   1.1098729  -1.0028789   0.0242554   1.1795288 ] left_ee=[0.02746526 0.02747037] right_arm=[ 0.02864594  0.02652081  0.04717306 -0.00249718 -0.02239245 -0.06502887] right_ee=[0.04293756 0.04294204]
step=127 env=0 left_arm=[ 0.2215138   1.3389425   1.1130711  -1.0019869   0.02116429  1.1903613 ] left_ee=[0.02715794 0.02718738] right_arm=[ 0.02746336  0.02835132  0.04831937 -0.00658445 -0.01950009 -0.07084262] right_ee=[0.04283885 0.04282518]
step=128 env=0 left_arm=[ 0.21756603  1.3351488   1.1024032  -0.9913012   0.02959202  1.1552154 ] left_ee=[0.02743734 0.027411  ] right_arm=[ 0.02695893  0.03157564  0.05464637 -0.00046539 -0.02009003 -0.07052057] right_ee=[0.04275091 0.04274726]
step=129 env=0 left_arm=[ 0.19839191  1.2718798   1.062539   -0.94230795  0.03447028  1.0907795 ] left_ee=[0.02700729 0.02700738] right_arm=[ 0.02972126  0.03547881  0.05590482 -0.00012833 -0.01923881 -0.0785642 ] right_ee=[0.04275752 0.04276192]
step=130 env=0 left_arm=[ 0.20277159  1.2626835   1.03701    -0.9323138   0.03351935  1.086577  ] left_ee=[0.02726984 0.02725046] right_arm=[ 0.02602469  0.03316868  0.05814102 -0.00145987 -0.02070246 -0.08490772] right_ee=[0.04277392 0.04276684]
step=131 env=0 left_arm=[ 0.20085184  1.2560353   1.0428201  -0.9207147   0.03852338  1.086689  ] left_ee=[0.02748545 0.02756662] right_arm=[ 0.02555746  0.02852957  0.05736019 -0.00124139 -0.01645548 -0.08821257] right_ee=[0.04269979 0.04270075]
step=132 env=0 left_arm=[ 0.19782096  1.2316226   1.0177145  -0.9014118   0.03899131  1.0535039 ] left_ee=[0.02741659 0.02738061] right_arm=[ 0.02582547  0.02549996  0.05741293 -0.00042372 -0.01953056 -0.08649721] right_ee=[0.04262074 0.04262826]
step=133 env=0 left_arm=[ 0.20551462  1.2357453   1.0277735  -0.91196555  0.03719636  1.0708367 ] left_ee=[0.02715577 0.0272034 ] right_arm=[ 0.02247408  0.0113018   0.0513946  -0.01163054 -0.01180357 -0.08461399] right_ee=[0.04276556 0.04276039]
step=134 env=0 left_arm=[ 0.18575683  1.1870196   0.98716116 -0.8617773   0.03771344  1.0041388 ] left_ee=[0.02733132 0.02730301] right_arm=[ 0.02842499  0.01816598  0.05233621 -0.00605198 -0.01399354 -0.08433676] right_ee=[0.04263978 0.04265796]
step=135 env=0 left_arm=[ 0.1864032   1.175078    0.9728202  -0.8527346   0.04361221  0.9899096 ] left_ee=[0.02726794 0.02728141] right_arm=[ 0.02501437  0.02279208  0.05802379 -0.00485886 -0.01346956 -0.09672654] right_ee=[0.04255898 0.04254656]
step=136 env=0 left_arm=[ 0.18087533  1.1154656   0.91790974 -0.79260737  0.04095161  0.9442506 ] left_ee=[0.02779592 0.0277968 ] right_arm=[ 0.02287844  0.00049025  0.05394496 -0.0147151  -0.00885734 -0.08749924] right_ee=[0.0424907  0.04249024]
step=137 env=0 left_arm=[ 0.17687736  1.1140221   0.912913   -0.7930456   0.03985394  0.9391912 ] left_ee=[0.02754211 0.02756376] right_arm=[ 0.02450476  0.00991382  0.0566278  -0.01459256 -0.00690769 -0.09868675] right_ee=[0.04248483 0.04249487]
step=138 env=0 left_arm=[ 0.17383476  1.1126009   0.9140459  -0.79043394  0.04413373  0.926471  ] left_ee=[0.02714729 0.0271828 ] right_arm=[ 0.02751636  0.01693441  0.05789758 -0.00847306 -0.01059749 -0.10088154] right_ee=[0.04224482 0.04225219]
step=139 env=0 left_arm=[ 0.1592573   1.0621829   0.86945087 -0.7297254   0.05270673  0.8575948 ] left_ee=[0.02734207 0.02734281] right_arm=[ 0.02504934  0.00666206  0.06876497 -0.00531914 -0.00833149 -0.10515089] right_ee=[0.04215081 0.04213184]
step=140 env=0 left_arm=[ 0.16190097  1.0546497   0.8628948  -0.73721796  0.04137644  0.87351394] left_ee=[0.02700443 0.02703362] right_arm=[ 0.0220182   0.00329518  0.05978458 -0.02425563  0.00288133 -0.10911826] right_ee=[0.04210528 0.04211428]
step=141 env=0 left_arm=[ 0.14764936  1.0047626   0.81802195 -0.6774526   0.04893724  0.8108066 ] left_ee=[0.02707513 0.02708432] right_arm=[ 0.02628792  0.0107299   0.07070997 -0.01081895 -0.00533259 -0.10291258] right_ee=[0.04186758 0.04187882]
step=142 env=0 left_arm=[ 0.13736805  0.9684133   0.78122056 -0.6513168   0.05384     0.76948774] left_ee=[0.02700479 0.0269994 ] right_arm=[ 0.02342948  0.00975591  0.0683746  -0.00968073 -0.00286295 -0.10442281] right_ee=[0.04176741 0.04175897]
step=143 env=0 left_arm=[ 0.13709413  0.95155907  0.77383643 -0.63486254  0.04979987  0.76564294] left_ee=[0.02732184 0.02740681] right_arm=[ 0.01809244 -0.01185797  0.06511366 -0.0202402   0.0110696  -0.11441979] right_ee=[0.04177136 0.04176304]
step=144 env=0 left_arm=[ 0.12422455  0.89036316  0.7103213  -0.565164    0.06552384  0.6836556 ] left_ee=[0.02780013 0.02777   ] right_arm=[ 0.01863196 -0.01675189  0.06988141 -0.01408976  0.01236883 -0.10245547] right_ee=[0.04182952 0.0418448 ]
step=145 env=0 left_arm=[ 0.11972295  0.8661311   0.6892856  -0.540235    0.06113875  0.662683  ] left_ee=[0.02817557 0.0282357 ] right_arm=[ 0.01928495 -0.00343664  0.07615867 -0.002419    0.00125703 -0.103581  ] right_ee=[0.0415906  0.04160527]
step=146 env=0 left_arm=[ 0.10604452  0.82599473  0.6543993  -0.49212235  0.07667319  0.61070436] left_ee=[0.02804805 0.02806711] right_arm=[ 0.02157203  0.00215198  0.07310047 -0.00222225  0.00733265 -0.10309766] right_ee=[0.04145271 0.04145123]
step=147 env=0 left_arm=[ 0.10772593  0.80916256  0.6423839  -0.477189    0.06451198  0.60462993] left_ee=[0.02830566 0.02836842] right_arm=[ 0.01558759 -0.03265231  0.07110726 -0.01403017  0.02308164 -0.11783728] right_ee=[0.04136978 0.04135307]
step=148 env=0 left_arm=[ 0.0909697   0.7654718   0.59250855 -0.43443075  0.06789562  0.5489513 ] left_ee=[0.02789278 0.02783881] right_arm=[ 0.01780336 -0.02689881  0.07903013 -0.01476478  0.02743499 -0.12318858] right_ee=[0.04098815 0.04101154]
step=149 env=0 left_arm=[ 0.08302312  0.70616406  0.541413   -0.37061653  0.06873727  0.491089  ] left_ee=[0.02810904 0.0281639 ] right_arm=[ 0.01385841 -0.02221357  0.08549184 -0.00952201  0.01975144 -0.12116157] right_ee=[0.04094106 0.04094913]
step=150 env=0 left_arm=[ 0.06270056  0.5921744   0.43880057 -0.27759013  0.06157876  0.39244556] left_ee=[0.02878084 0.02878283] right_arm=[ 0.01067008 -0.02755694  0.07094274 -0.00639613  0.01269079 -0.12338454] right_ee=[0.04090549 0.04092083]
step=151 env=0 left_arm=[-0.05157587  0.7820992   0.6300452  -0.47671244  0.01282026  0.59128   ] left_ee=[0.03458585 0.03477577] right_arm=[ 0.0157328  -0.09179004 -0.01373385 -0.03282067  0.03177723 -0.03466785] right_ee=[0.04176079 0.04184118]
step=152 env=0 left_arm=[-0.05618743  0.98166436  0.8298159  -0.67564154  0.01484273  0.7865984 ] left_ee=[0.03787102 0.03828968] right_arm=[ 0.01335692 -0.09464379 -0.01824817 -0.03507142  0.03146199 -0.01875087] right_ee=[0.0424466  0.04247328]
step=153 env=0 left_arm=[-0.05097533  1.1787369   1.026208   -0.8689265   0.02250817  0.9672816 ] left_ee=[0.0395143 0.0398021] right_arm=[ 0.01695273 -0.08530864 -0.01436932 -0.03632079  0.02984157 -0.01253729] right_ee=[0.04281735 0.04283641]
step=154 env=0 left_arm=[-0.03813528  1.361771    1.2039067  -1.0169449   0.02547229  1.0197508 ] left_ee=[0.04033788 0.04077158] right_arm=[ 0.01428088 -0.08264753 -0.01013025 -0.03316838  0.02825138 -0.00926954] right_ee=[0.04313843 0.04313442]
step=155 env=0 left_arm=[-0.0204975   1.438348    1.2506804  -1.0576979   0.02988982  1.0425234 ] left_ee=[0.04041108 0.04026811] right_arm=[ 0.01615919 -0.06025736 -0.00980758 -0.02706731  0.02444296 -0.00540853] right_ee=[0.04330085 0.04330786]
step=156 env=0 left_arm=[-0.0095475  1.4728258  1.2724513 -1.0735867  0.0316554  1.0623294] left_ee=[0.04010439 0.04000504] right_arm=[ 0.0172599  -0.05727841 -0.00652743 -0.02443681  0.02452455 -0.00435096] right_ee=[0.04344952 0.04344485]
step=157 env=0 left_arm=[ 0.00706096  1.4886814   1.2832519  -1.0837631   0.03660031  1.0733994 ] left_ee=[0.03995472 0.03989821] right_arm=[ 0.01969672 -0.0415211  -0.00058961 -0.02129889  0.01585766 -0.0027096 ] right_ee=[0.04346628 0.04346962]
step=158 env=0 left_arm=[ 0.02460749  1.5152514   1.3079349  -1.1227767   0.02911452  1.0939156 ] left_ee=[0.03851151 0.03847985] right_arm=[ 0.02320766 -0.04516071  0.00223463 -0.02401965  0.01769453 -0.0019625 ] right_ee=[0.04346753 0.04345712]
step=159 env=0 left_arm=[ 0.03457718  1.527638    1.3173537  -1.1277635   0.0362458   1.1021701 ] left_ee=[0.03756431 0.03754515] right_arm=[ 0.02459762 -0.04157393  0.01002131 -0.02120885  0.00990176 -0.00048091] right_ee=[0.04347618 0.04347255]
step=160 env=0 left_arm=[ 0.05097212  1.5459747   1.3239552  -1.1535089   0.03312329  1.1206021 ] left_ee=[0.03618605 0.03614907] right_arm=[ 0.02782586 -0.03301187  0.0168315  -0.02687552  0.01049845 -0.00518863] right_ee=[0.04341735 0.04340766]
step=161 env=0 left_arm=[ 0.0659144   1.5504714   1.3263614  -1.1535606   0.03355191  1.1244612 ] left_ee=[0.03536093 0.03537009] right_arm=[ 0.02858251 -0.03655786  0.01527504 -0.01981164  0.00993561 -0.0036268 ] right_ee=[0.0434361  0.04342769]
step=162 env=0 left_arm=[ 0.07845168  1.5522758   1.3137575  -1.1549958   0.03085374  1.1277794 ] left_ee=[0.03415167 0.03410869] right_arm=[ 0.03219464 -0.01772754  0.01702533 -0.02097802  0.01076939 -0.00527722] right_ee=[0.0433924  0.04339088]
step=163 env=0 left_arm=[ 0.09309234  1.5541874   1.305591   -1.1604733   0.03041956  1.136803  ] left_ee=[0.03369253 0.03368222] right_arm=[ 0.03054846 -0.01087287  0.02120316 -0.01888492  0.0086065  -0.01440883] right_ee=[0.04313014 0.04312259]
step=164 env=0 left_arm=[ 0.10543792  1.5711868   1.3239999  -1.1820402   0.03168903  1.1453912 ] left_ee=[0.03202811 0.03205901] right_arm=[ 0.0340554  -0.01178179  0.02115842 -0.0198012   0.01035996 -0.01450114] right_ee=[0.04291606 0.04291708]
step=165 env=0 left_arm=[ 0.11174503  1.5544512   1.3151389  -1.1819164   0.02996552  1.1380554 ] left_ee=[0.03064143 0.03061917] right_arm=[ 0.03205645 -0.0146882   0.02346212 -0.01888147  0.00886295 -0.00948114] right_ee=[0.04277469 0.04276817]
step=166 env=0 left_arm=[ 0.11767034  1.564639    1.313068   -1.1849362   0.03170699  1.1387067 ] left_ee=[0.02944702 0.02944632] right_arm=[ 0.03353712  0.00141896  0.03057954 -0.01573371  0.0020264  -0.01473838] right_ee=[0.04257302 0.04257768]
step=167 env=0 left_arm=[ 0.1244473   1.5588629   1.3059299  -1.1817987   0.02944525  1.1430671 ] left_ee=[0.02883389 0.02883364] right_arm=[ 0.03244987 -0.00141073  0.03000816 -0.01287663  0.00616605 -0.01061376] right_ee=[0.04252249 0.04251037]
step=168 env=0 left_arm=[ 0.13034962  1.5622507   1.3093004  -1.192776    0.03524229  1.1286428 ] left_ee=[0.02786278 0.02786541] right_arm=[ 0.03457732 -0.00384677  0.03507191 -0.02004314  0.00390049 -0.01681642] right_ee=[0.04227472 0.04228015]
step=169 env=0 left_arm=[ 0.13541031  1.5456645   1.297096   -1.1853949   0.04036885  1.121022  ] left_ee=[0.02639719 0.02639461] right_arm=[ 0.03484209 -0.0075544   0.04131203 -0.01432987  0.0008046  -0.02445794] right_ee=[0.04200564 0.04200298]
step=170 env=0 left_arm=[ 0.13658407  1.5194135   1.2757804  -1.1714644   0.03701812  1.0996273 ] left_ee=[0.02551282 0.02550545] right_arm=[ 0.03508334 -0.01244856  0.04235274 -0.01534104  0.00122631 -0.03129599] right_ee=[0.04184436 0.04184054]
step=171 env=0 left_arm=[ 0.13877565  1.5070468   1.2587743  -1.1661158   0.02888959  1.0940964 ] left_ee=[0.02465344 0.02465668] right_arm=[ 0.03200923  0.00341703  0.04198887 -0.01339766 -0.00491328 -0.03433951] right_ee=[0.04169408 0.04169343]
step=172 env=0 left_arm=[ 0.14308189  1.5077337   1.2685591  -1.1804055   0.03600277  1.0971501 ] left_ee=[0.02358908 0.02362764] right_arm=[ 0.03326792 -0.00557822  0.04853914 -0.01563597 -0.00161479 -0.03605246] right_ee=[0.04149797 0.04149374]
step=173 env=0 left_arm=[ 0.14901893  1.5059751   1.2565056  -1.1702433   0.03514261  1.1026883 ] left_ee=[0.0227525  0.02275802] right_arm=[ 0.03141567  0.00716939  0.04270066 -0.01056945 -0.00590584 -0.03686976] right_ee=[0.04139084 0.04139424]
step=174 env=0 left_arm=[ 0.14929822  1.4868623   1.240317   -1.1645987   0.03510435  1.0715207 ] left_ee=[0.02199733 0.02198004] right_arm=[ 0.03280743 -0.00648667  0.05596954 -0.01540617 -0.00447659 -0.04830904] right_ee=[0.04115866 0.04115618]
step=175 env=0 left_arm=[ 0.15516132  1.4819765   1.2231317  -1.1482376   0.0316438   1.0854682 ] left_ee=[0.02191329 0.02192787] right_arm=[ 0.02999159  0.00991995  0.05027505 -0.00847411 -0.00420884 -0.05035097] right_ee=[0.04100537 0.04100707]
step=176 env=0 left_arm=[ 0.15693933  1.4940482   1.2384379  -1.1686656   0.03314476  1.0872586 ] left_ee=[0.02156203 0.02158297] right_arm=[ 0.03346753  0.00153415  0.05062864 -0.00564199 -0.01387763 -0.0407942 ] right_ee=[0.04093743 0.04094727]
step=177 env=0 left_arm=[ 0.15909731  1.4835601   1.2290143  -1.1628519   0.03456155  1.0826132 ] left_ee=[0.02129018 0.02128307] right_arm=[ 0.03103918  0.00725116  0.05091778 -0.01177945 -0.01207052 -0.05098951] right_ee=[0.04066696 0.04065094]
step=178 env=0 left_arm=[ 0.15734208  1.4797137   1.2230768  -1.1539816   0.03528211  1.0732514 ] left_ee=[0.02168408 0.02168847] right_arm=[ 0.03113761  0.00603251  0.06031509 -0.01322945 -0.00978237 -0.0549215 ] right_ee=[0.04073669 0.04073222]
step=179 env=0 left_arm=[ 0.14703216  1.4382745   1.1915494  -1.1291273   0.03771478  1.0267315 ] left_ee=[0.02158935 0.02155402] right_arm=[ 0.03371154  0.00343794  0.06273289 -0.0134902  -0.01036709 -0.0587084 ] right_ee=[0.04063561 0.04064121]
step=180 env=0 left_arm=[ 0.1543126   1.4234538   1.1741515  -1.1236628   0.03674711  1.0214871 ] left_ee=[0.02204636 0.02207289] right_arm=[ 0.03015848  0.00087065  0.06866689 -0.01982642 -0.01104574 -0.06672073] right_ee=[0.04070763 0.04070028]
step=181 env=0 left_arm=[ 0.15426582  1.4133726   1.1729876  -1.1184477   0.03657194  1.0184269 ] left_ee=[0.02246073 0.02250042] right_arm=[ 0.02879384  0.003434    0.06946312 -0.02018901 -0.0105006  -0.07240348] right_ee=[0.04067374 0.04067672]
step=182 env=0 left_arm=[ 0.15326588  1.4022222   1.1570176  -1.1035622   0.03620788  1.0139717 ] left_ee=[0.02260934 0.02260203] right_arm=[ 0.02898796 -0.00565384  0.06271329 -0.01782779 -0.01259433 -0.06268317] right_ee=[0.04075737 0.04076371]
step=183 env=0 left_arm=[ 0.15922715  1.3908135   1.1528273  -1.1101394   0.03439305  1.0079985 ] left_ee=[0.02262783 0.02263933] right_arm=[ 0.02795576 -0.00618636  0.06536196 -0.0262357  -0.00934995 -0.06778848] right_ee=[0.04080067 0.04079683]
step=184 env=0 left_arm=[ 0.14534365  1.3558275   1.1210197  -1.0718544   0.03738366  0.9651351 ] left_ee=[0.02299727 0.02297928] right_arm=[ 0.03038782 -0.012847    0.06217491 -0.02503796 -0.00686416 -0.06308453] right_ee=[0.04080662 0.04081195]
step=185 env=0 left_arm=[ 0.14730275  1.3246002   1.0916495  -1.0555443   0.03591294  0.9347665 ] left_ee=[0.02352518 0.02352975] right_arm=[ 0.02790935 -0.00649015  0.07562041 -0.02787271 -0.01084888 -0.07677057] right_ee=[0.04080673 0.04080295]
step=186 env=0 left_arm=[ 0.15021537  1.2826717   1.057893   -1.0251751   0.03408156  0.92332834] left_ee=[0.02412215 0.02414469] right_arm=[ 0.02554332 -0.02358412  0.06378467 -0.0342094  -0.00343982 -0.06915053] right_ee=[0.04096815 0.0409691 ]
step=187 env=0 left_arm=[ 0.14535703  1.2656941   1.0366409  -1.0081918   0.03396925  0.8954543 ] left_ee=[0.02405861 0.0240642 ] right_arm=[ 0.02691136 -0.01584017  0.07014185 -0.04132423 -0.00449743 -0.08172704] right_ee=[0.04099218 0.04100348]
step=188 env=0 left_arm=[ 0.13671207  1.2553151   1.0310661  -0.989118    0.03818142  0.8746662 ] left_ee=[0.02420372 0.02424068] right_arm=[ 0.02943952 -0.02834762  0.07121225 -0.03203562 -0.00718808 -0.07480586] right_ee=[0.04102445 0.04102387]
step=189 env=0 left_arm=[ 0.12833652  1.2099969   0.98880047 -0.9438745   0.04247539  0.82847244] left_ee=[0.02483374 0.02481757] right_arm=[ 0.02657637 -0.03125967  0.07751133 -0.02868599 -0.00688608 -0.07563676] right_ee=[0.04113043 0.04111943]
step=190 env=0 left_arm=[ 0.13163503  1.1944128   0.9752234  -0.9389888   0.03705863  0.82488585] left_ee=[0.02482072 0.02485215] right_arm=[ 0.02650279 -0.03252991  0.070402   -0.03996831 -0.00037746 -0.08077592] right_ee=[0.0410888  0.04109499]
step=191 env=0 left_arm=[ 0.12137464  1.1420006   0.93112636 -0.87813836  0.04423884  0.7801854 ] left_ee=[0.02520714 0.02521449] right_arm=[ 0.02559354 -0.04843459  0.07015233 -0.03228601 -0.00072626 -0.0705331 ] right_ee=[0.04125349 0.04125159]
step=192 env=0 left_arm=[ 0.11484363  1.0976275   0.88027996 -0.8381733   0.04968597  0.7305292 ] left_ee=[0.02548087 0.02545766] right_arm=[ 0.02472228 -0.0372648   0.07100741 -0.03737896 -0.00130415 -0.07746984] right_ee=[0.0412819  0.04128676]
step=193 env=0 left_arm=[ 0.11281566  1.0493635   0.85339546 -0.8057657   0.04370081  0.70045114] left_ee=[0.02591028 0.02598275] right_arm=[ 0.01930472 -0.05093626  0.06865122 -0.04128804  0.00708551 -0.08283471] right_ee=[0.04135862 0.0413493 ]
step=194 env=0 left_arm=[ 0.10397741  0.9957079   0.7971802  -0.7381988   0.05789278  0.6382048 ] left_ee=[0.02647702 0.02647199] right_arm=[ 0.01774834 -0.062788    0.06753549 -0.03789973  0.01146716 -0.07583997] right_ee=[0.04149894 0.04150874]
step=195 env=0 left_arm=[ 0.10055896  0.9524483   0.7548095  -0.6951554   0.05236791  0.6178415 ] left_ee=[0.02678882 0.02681815] right_arm=[ 0.02029075 -0.04193659  0.07334995 -0.04015584  0.00888269 -0.08437571] right_ee=[0.04147949 0.04149782]
step=196 env=0 left_arm=[ 0.08756704  0.90276456  0.71084595 -0.64276934  0.06362632  0.56606215] left_ee=[0.02705758 0.02707042] right_arm=[ 0.01976729 -0.05231324  0.0688981  -0.03725687  0.01531019 -0.08086599] right_ee=[0.04145899 0.04145312]
step=197 env=0 left_arm=[ 0.08952175  0.8697165   0.6900007  -0.6187827   0.05962513  0.54976153] left_ee=[0.02739215 0.02745801] right_arm=[ 0.01494005 -0.07714956  0.06635866 -0.0414466   0.02149554 -0.08186575] right_ee=[0.04142937 0.04142532]
step=198 env=0 left_arm=[ 0.07897324  0.8073661   0.627509   -0.5676106   0.05888051  0.49926955] left_ee=[0.02753601 0.02750094] right_arm=[ 0.0156037  -0.07099029  0.06973921 -0.049048    0.02320946 -0.0929688 ] right_ee=[0.04125775 0.04127467]
step=199 env=0 left_arm=[ 0.07454319  0.7517615   0.5763383  -0.4992544   0.06233719  0.45290092] left_ee=[0.02791425 0.02796153] right_arm=[ 0.00983184 -0.07702499  0.06702826 -0.041276    0.01761534 -0.08782253] right_ee=[0.04146512 0.04146633]
step=200 env=0 left_arm=[ 0.05877543  0.6324293   0.46579257 -0.39135092  0.05559818  0.36647812] left_ee=[0.0285984  0.02859679] right_arm=[ 0.00902556 -0.07749698  0.06040839 -0.04796302  0.01571323 -0.10307806] right_ee=[0.04155824 0.04156804]
step=201 env=0 left_arm=[-0.05875488  0.8222983   0.65638965 -0.59011805  0.02824583  0.5658106 ] left_ee=[0.03504127 0.03521597] right_arm=[ 0.00818559 -0.07975433 -0.01967313 -0.02250026  0.0208382  -0.01184336] right_ee=[0.04231686 0.04239357]
step=202 env=0 left_arm=[-0.06720302  1.0212388   0.85435766 -0.78464895  0.03002121  0.7636169 ] left_ee=[0.03875342 0.03919499] right_arm=[ 0.00462571 -0.07694564 -0.02052609 -0.02093377  0.02065412 -0.00057414] right_ee=[0.04292222 0.0429505 ]
step=203 env=0 left_arm=[-0.06533977  1.2129192   1.041175   -0.9532271   0.03661247  0.95263827] left_ee=[0.04092694 0.04143077] right_arm=[ 0.0059954  -0.0680985  -0.0153916  -0.0237623   0.01826619  0.00257375] right_ee=[0.04319428 0.0432148 ]
step=204 env=0 left_arm=[-0.0561344   1.3346758   1.1172404  -0.9880478   0.03804277  1.0270488 ] left_ee=[0.04222745 0.04222541] right_arm=[ 0.0039992  -0.05879508 -0.00974885 -0.02014335  0.01684811  0.00313513] right_ee=[0.04338823 0.04338947]
step=205 env=0 left_arm=[-0.04212724  1.3495808   1.12678    -0.9972322   0.0406817   1.0395494 ] left_ee=[0.04232354 0.04221249] right_arm=[ 0.00425158 -0.03739433 -0.00574073 -0.01893672  0.01223398  0.00253959] right_ee=[0.04344584 0.04345109]
step=206 env=0 left_arm=[-0.03390898  1.3755969   1.1398503  -1.0088832   0.0428323   1.0555803 ] left_ee=[0.04204698 0.04198084] right_arm=[ 0.00444316 -0.03157663  0.00131567 -0.01882294  0.01258714  0.00145702] right_ee=[0.04346389 0.04346028]
step=207 env=0 left_arm=[-0.02179231  1.376487    1.141759   -1.00883     0.0446048   1.0568573 ] left_ee=[0.04166453 0.04163716] right_arm=[ 0.00505978 -0.02368056  0.00385373 -0.01755665  0.01008719  0.00302615] right_ee=[0.04341556 0.04341617]
step=208 env=0 left_arm=[-0.00946097  1.3989726   1.1555632  -1.0331216   0.03656582  1.0670633 ] left_ee=[0.0401393  0.04011055] right_arm=[ 0.00782857 -0.02743452  0.00623572 -0.01992842  0.00585156  0.00324361] right_ee=[0.04334737 0.0433487 ]
step=209 env=0 left_arm=[-0.00467393  1.4021486   1.1515203  -1.025601    0.04123709  1.0629815 ] left_ee=[0.03936057 0.03933356] right_arm=[ 0.0084429  -0.01282902  0.01407767 -0.01679198  0.00124625  0.00140458] right_ee=[0.04328596 0.04327939]
step=210 env=0 left_arm=[ 0.00502475  1.4174911   1.1581917  -1.0432776   0.04086687  1.0730834 ] left_ee=[0.03798015 0.03796091] right_arm=[ 0.01119746 -0.0133435   0.01852651 -0.01754714 -0.00050627 -0.0002178 ] right_ee=[0.04316086 0.04315587]
step=211 env=0 left_arm=[ 0.01703219  1.415809    1.157179   -1.0396482   0.0369975   1.0711089 ] left_ee=[0.03715768 0.03716858] right_arm=[ 0.01095029 -0.00960411  0.01762819 -0.01520887 -0.00129025  0.00012014] right_ee=[0.04317629 0.04316711]
step=212 env=0 left_arm=[ 0.02315745  1.4115183   1.137691   -1.0275884   0.03583569  1.0631355 ] left_ee=[0.03627721 0.03622648] right_arm=[ 0.01487266  0.01439079  0.01946637 -0.01375201 -0.00068652 -0.00252367] right_ee=[0.04312526 0.04312528]
step=213 env=0 left_arm=[ 0.03266153  1.4239787   1.1375784  -1.0411223   0.03324074  1.0695565 ] left_ee=[0.03581346 0.03580267] right_arm=[ 0.01171196  0.01824885  0.0206298  -0.01243477 -0.00053715 -0.00434621] right_ee=[0.04294174 0.04293108]
step=214 env=0 left_arm=[ 0.04073302  1.4262186   1.1463903  -1.0582246   0.03079627  1.0621172 ] left_ee=[0.03427048 0.03428987] right_arm=[ 0.01378061  0.01109684  0.01627053 -0.01377944 -0.00394846 -0.00086758] right_ee=[0.04280708 0.04281322]
step=215 env=0 left_arm=[ 0.04620863  1.4062237   1.132779   -1.0545802   0.02934783  1.0425209 ] left_ee=[0.03283055 0.03281879] right_arm=[ 0.01190582  0.00928874  0.01906504 -0.01242081 -0.00634637  0.00448196] right_ee=[0.04270256 0.04269585]
step=216 env=0 left_arm=[ 0.04920097  1.4154011   1.1347916  -1.0623083   0.03174344  1.0488127 ] left_ee=[0.03159333 0.03159949] right_arm=[ 0.01307821  0.0278598   0.02785548 -0.01143657 -0.0114685  -0.0034928 ] right_ee=[0.04252978 0.04253161]
step=217 env=0 left_arm=[ 0.05472223  1.4035175   1.1246843  -1.0572546   0.03009964  1.0409615 ] left_ee=[0.03085067 0.03085406] right_arm=[ 0.01141892  0.01672007  0.02516788 -0.01136667 -0.00894373 -0.00106094] right_ee=[0.04246065 0.04245019]
step=218 env=0 left_arm=[ 0.05547264  1.4095978   1.134052   -1.0710453   0.03022338  1.0288099 ] left_ee=[0.02984687 0.02986116] right_arm=[ 0.01272655  0.0155547   0.02621225 -0.01856614 -0.01497142 -0.00441125] right_ee=[0.04228744 0.04229374]
step=219 env=0 left_arm=[ 0.06077255  1.3969482   1.1217806  -1.0662495   0.03517448  1.0199673 ] left_ee=[0.02836649 0.02835835] right_arm=[ 0.01323049  0.01554806  0.03262468 -0.01246195 -0.01978038 -0.01148985] right_ee=[0.04204214 0.04203872]
step=220 env=0 left_arm=[ 0.06332318  1.365895    1.1008852  -1.0484284   0.02900297  0.9855423 ] left_ee=[0.02737325 0.02737977] right_arm=[ 0.01322774  0.00695213  0.03046856 -0.01539718 -0.02227269 -0.01437795] right_ee=[0.04192984 0.04192387]
step=221 env=0 left_arm=[ 0.06499587  1.3521659   1.0868633  -1.0522299   0.02158832  0.98465705] left_ee=[0.02634693 0.02633677] right_arm=[ 0.01210439  0.01542689  0.029639   -0.01191132 -0.02878069 -0.01239566] right_ee=[0.04181129 0.04180814]
step=222 env=0 left_arm=[ 0.06529501  1.363101    1.0998145  -1.0619075   0.02968179  0.97884303] left_ee=[0.0253198  0.02536333] right_arm=[ 0.01275701  0.01313329  0.03776465 -0.01391249 -0.0256225  -0.01851969] right_ee=[0.04161971 0.04161262]
step=223 env=0 left_arm=[ 0.07220443  1.3536471   1.082581   -1.0470765   0.03137121  0.98276895] left_ee=[0.02451104 0.02450313] right_arm=[ 0.01116207  0.02871881  0.03783291 -0.00915499 -0.02722794 -0.01974853] right_ee=[0.04148995 0.04148934]
step=224 env=0 left_arm=[ 0.07301699  1.3421677   1.0802749  -1.0571494   0.02738695  0.9606117 ] left_ee=[0.02350974 0.02350907] right_arm=[ 0.01506375  0.01377765  0.04624022 -0.01382892 -0.03001436 -0.02563153] right_ee=[0.04128608 0.04129246]
step=225 env=0 left_arm=[ 0.07819799  1.3398995   1.0680506  -1.04375     0.02642109  0.964515  ] left_ee=[0.02318097 0.02318925] right_arm=[ 0.01177026  0.02500709  0.04242795 -0.01007762 -0.02785763 -0.02479858] right_ee=[0.04117921 0.04116842]
step=226 env=0 left_arm=[ 0.08010671  1.3444046   1.0770499  -1.057306    0.02702571  0.9693083 ] left_ee=[0.02282994 0.02284184] right_arm=[ 0.01432539  0.02108932  0.05015524 -0.00974558 -0.03527601 -0.02410621] right_ee=[0.04108838 0.04109753]
step=227 env=0 left_arm=[ 0.08310622  1.3385156   1.071862   -1.0513493   0.02835118  0.96619815] left_ee=[0.02246281 0.02246425] right_arm=[ 0.01220843  0.02453974  0.04585605 -0.01269371 -0.03378111 -0.02641776] right_ee=[0.04084758 0.04083642]
step=228 env=0 left_arm=[ 0.08054923  1.3343438   1.0684147  -1.0492302   0.02721886  0.9568332 ] left_ee=[0.02253686 0.02252963] right_arm=[ 0.01331341  0.01775706  0.05047581 -0.01488974 -0.03199917 -0.03032554] right_ee=[0.0408729  0.04087337]
step=229 env=0 left_arm=[ 0.07763971  1.29941     1.0472428  -1.0286039   0.02658595  0.9197165 ] left_ee=[0.02244478 0.02244089] right_arm=[ 0.0146417   0.01749248  0.05480708 -0.01565897 -0.03311461 -0.03142355] right_ee=[0.04080131 0.04080357]
step=230 env=0 left_arm=[ 0.08221833  1.288388    1.0355984  -1.0340923   0.02580304  0.9170756 ] left_ee=[0.02250277 0.0225009 ] right_arm=[ 0.01179491  0.01093759  0.06066371 -0.02226375 -0.0349059  -0.03766686] right_ee=[0.04087853 0.04087337]
step=231 env=0 left_arm=[ 0.08123219  1.2868392   1.0391501  -1.027176    0.02590948  0.91218436] left_ee=[0.02272386 0.02276685] right_arm=[ 0.01192904  0.01022511  0.05840481 -0.0205448  -0.03276231 -0.03964079] right_ee=[0.0407869  0.04078865]
step=232 env=0 left_arm=[ 0.07933967  1.2662196   1.0200678  -1.009095    0.028185    0.90832233] left_ee=[0.02251088 0.02249109] right_arm=[ 0.01205193 -0.00224456  0.05525561 -0.02202568 -0.03333926 -0.03384743] right_ee=[0.04081699 0.04081956]
step=233 env=0 left_arm=[ 0.0834303   1.262617    1.02472    -1.0244337   0.02541467  0.90292174] left_ee=[0.02240893 0.02242764] right_arm=[ 0.01096845 -0.00467938  0.05699481 -0.02697612 -0.03191102 -0.03604676] right_ee=[0.04086624 0.04086429]
step=234 env=0 left_arm=[ 0.07491305  1.2335017   1.0019352  -0.9918683   0.02576761  0.86859673] left_ee=[0.02239595 0.02239377] right_arm=[ 0.01259142 -0.01693377  0.05237076 -0.02574016 -0.02803077 -0.03010139] right_ee=[0.04089804 0.04090065]
step=235 env=0 left_arm=[ 0.07851931  1.2065934   0.98078734 -0.9844195   0.02487472  0.84520143] left_ee=[0.02253823 0.02253478] right_arm=[ 0.01271157 -0.00690142  0.06495075 -0.02480943 -0.03155226 -0.04294935] right_ee=[0.04069727 0.04070042]
step=236 env=0 left_arm=[ 0.08121128  1.1596998   0.9439407  -0.95095277  0.02578799  0.81800145] left_ee=[0.02285668 0.02286527] right_arm=[ 0.01058676 -0.0357692   0.0506762  -0.03368384 -0.02409075 -0.03138721] right_ee=[0.04079704 0.04079228]
step=237 env=0 left_arm=[ 0.07776883  1.1512605   0.933971   -0.9443257   0.02193286  0.7982279 ] left_ee=[0.02265495 0.02267079] right_arm=[ 0.01159348 -0.02566129  0.05730925 -0.03524642 -0.02603975 -0.03926901] right_ee=[0.04079566 0.04080627]
step=238 env=0 left_arm=[ 0.07046082  1.1445612   0.9309302  -0.9306188   0.0295517   0.7899429 ] left_ee=[0.02257732 0.02259817] right_arm=[ 0.0140399  -0.03617458  0.05551981 -0.02699213 -0.02673699 -0.03080248] right_ee=[0.04089699 0.04089864]
step=239 env=0 left_arm=[ 0.0625539   1.1000657   0.89509225 -0.876268    0.04081028  0.74237436] left_ee=[0.02296689 0.022975  ] right_arm=[ 0.01496097 -0.03843253  0.06591198 -0.01949752 -0.02483636 -0.03277223] right_ee=[0.04085486 0.04084905]
step=240 env=0 left_arm=[ 0.06654707  1.0736517   0.86902297 -0.86895895  0.03374448  0.726458  ] left_ee=[0.0228555  0.02285316] right_arm=[ 0.0137487  -0.04454793  0.05741665 -0.03186939 -0.0186744  -0.03334801] right_ee=[0.04066416 0.04066246]
step=241 env=0 left_arm=[ 0.06296754  1.039033    0.8447307  -0.8212496   0.04268458  0.70277166] left_ee=[0.02323266 0.02327097] right_arm=[ 0.01329463 -0.05360899  0.05984358 -0.02339296 -0.01910369 -0.02283311] right_ee=[0.0407002  0.04070326]
step=242 env=0 left_arm=[ 0.05769657  0.97081184  0.77290475 -0.7630407   0.05170668  0.6419289 ] left_ee=[0.02342186 0.02336644] right_arm=[ 0.01384944 -0.04645973  0.05856102 -0.0180409  -0.01943589 -0.01944132] right_ee=[0.0406753  0.04067895]
step=243 env=0 left_arm=[ 0.05420532  0.9385737   0.76524156 -0.7493213   0.04853896  0.6189474 ] left_ee=[0.02362892 0.02371396] right_arm=[ 0.00946373 -0.07017202  0.05490192 -0.03227766 -0.00897647 -0.02800147] right_ee=[0.04069851 0.0406897 ]
step=244 env=0 left_arm=[ 0.0469749   0.8798396   0.70771843 -0.66676927  0.06667387  0.5503123 ] left_ee=[0.02428612 0.02429892] right_arm=[ 0.00884375 -0.07073155  0.0556172  -0.02559131 -0.00316109 -0.02421601] right_ee=[0.04087958 0.04089158]
step=245 env=0 left_arm=[ 0.04457149  0.84712243  0.6764373  -0.6378687   0.06646822  0.53867674] left_ee=[0.02443357 0.02445794] right_arm=[ 0.01294772 -0.05273132  0.0583656  -0.02753854 -0.002501   -0.02427979] right_ee=[0.04072536 0.04074324]
step=246 env=0 left_arm=[ 0.03093592  0.8119502   0.6381215  -0.57444626  0.0880346   0.4816692 ] left_ee=[0.02434055 0.02435573] right_arm=[ 0.01421165 -0.0554442   0.05841592 -0.0221336  -0.00088213 -0.01875748] right_ee=[0.04062716 0.04062641]
step=247 env=0 left_arm=[ 0.03343378  0.7657204   0.60180205 -0.5336334   0.08491158  0.45074022] left_ee=[0.02478546 0.02484177] right_arm=[ 0.00806701 -0.07690908  0.05488873 -0.02945326  0.0040714  -0.02500957] right_ee=[0.04063404 0.04062525]
step=248 env=0 left_arm=[ 0.02679433  0.7123018   0.5463821  -0.48891482  0.08660408  0.40784684] left_ee=[0.0248345  0.02481443] right_arm=[ 0.00886856 -0.07364261  0.05703932 -0.03479829  0.0076123  -0.032015  ] right_ee=[0.04041854 0.0404314 ]
step=249 env=0 left_arm=[ 0.01982041  0.64907134  0.49306267 -0.4028105   0.10489004  0.3457119 ] left_ee=[0.02487069 0.0249224 ] right_arm=[ 0.00685698 -0.05909846  0.06278963 -0.02454167 -0.00123133 -0.02745343] right_ee=[0.04048898 0.04049743]
step=250 env=0 left_arm=[ 0.01112271  0.5488722   0.39446646 -0.3023582   0.09754611  0.26388717] left_ee=[0.02558935 0.025617  ] right_arm=[ 0.0050385  -0.05854065  0.05515866 -0.03559153 -0.00167747 -0.03464933] right_ee=[0.0406128  0.04060986]
step=251 env=0 left_arm=[-0.08231218  0.73833424  0.5833216  -0.49995506 -0.02932405  0.46315485] left_ee=[0.03259693 0.03290885] right_arm=[ 0.02246273 -0.04008229 -0.01358428 -0.02480076  0.0324428  -0.0323373 ] right_ee=[0.04196582 0.04198584]
step=252 env=0 left_arm=[-0.08809005  0.9322158   0.7770542  -0.69040185 -0.03953856  0.6610532 ] left_ee=[0.03732897 0.03771786] right_arm=[ 0.02075479 -0.0383269  -0.01877219 -0.02100462  0.03369201 -0.02891895] right_ee=[0.04280315 0.04279845]
step=253 env=0 left_arm=[-0.08672013  1.1066293   0.9394985  -0.8286999  -0.03407669  0.85201144] left_ee=[0.04019552 0.04049765] right_arm=[ 0.02292542 -0.03362585 -0.01658832 -0.02228216  0.0331993  -0.02420349] right_ee=[0.04328881 0.0432935 ]
step=254 env=0 left_arm=[-0.0781519   1.1817086   1.0048699  -0.8765473  -0.02831617  0.9768857 ] left_ee=[0.04188643 0.0418922 ] right_arm=[ 0.02017416 -0.03067243 -0.00911083 -0.01510256  0.02743608 -0.02300671] right_ee=[0.04358283 0.04357787]
step=255 env=0 left_arm=[-0.06381228  1.2239954   1.0436769  -0.90605444 -0.02229321  1.0228754 ] left_ee=[0.04277995 0.0427459 ] right_arm=[ 0.01844227 -0.02289639 -0.0137305  -0.01162966  0.02177032 -0.02291866] right_ee=[0.04375226 0.04375237]
step=256 env=0 left_arm=[-0.05071276  1.2822601   1.0847725  -0.9429884  -0.01644986  1.066947  ] left_ee=[0.04320893 0.04315313] right_arm=[ 0.01937849 -0.02173866 -0.00756127 -0.00848116  0.02138309 -0.02269957] right_ee=[0.04385546 0.04385155]
step=257 env=0 left_arm=[-0.03465454  1.2997868   1.1012118  -0.9543665  -0.01165638  1.0879003 ] left_ee=[0.04353891 0.04350391] right_arm=[ 0.01784188 -0.02012706 -0.00296472 -0.00175723  0.01520951 -0.02344392] right_ee=[0.04391506 0.04391257]
step=258 env=0 left_arm=[-0.01340494  1.3455572   1.145686   -1.0074998  -0.01388366  1.1322601 ] left_ee=[0.04239047 0.04237812] right_arm=[ 0.0217506  -0.02275892  0.0060381  -0.00921037  0.01865407 -0.02210343] right_ee=[0.04395059 0.04394794]
step=259 env=0 left_arm=[-0.00465899  1.3581767   1.1575975  -1.0116975  -0.0103929   1.1431584 ] left_ee=[0.04179883 0.04176744] right_arm=[ 0.02073748 -0.02567886  0.00997919 -0.00438829  0.00946503 -0.01861619] right_ee=[0.04397134 0.0439697 ]
step=260 env=0 left_arm=[ 0.01126201  1.4022083   1.1930214  -1.0607041  -0.0056902   1.1921959 ] left_ee=[0.04042959 0.04039967] right_arm=[ 0.02287997 -0.02476696  0.01624779 -0.01044007  0.01051304 -0.02102434] right_ee=[0.04390734 0.04390045]
step=261 env=0 left_arm=[ 0.02997016  1.4100057   1.1922647  -1.0504606  -0.00227271  1.1996026 ] left_ee=[0.03965796 0.03964514] right_arm=[ 0.02429356 -0.01700345  0.01827261 -0.00206091  0.0039788  -0.02200909] right_ee=[0.04394315 0.04394247]
step=262 env=0 left_arm=[ 4.2761978e-02  1.4259542e+00  1.1926126e+00 -1.0611793e+00
  9.4722485e-04  1.2121179e+00] left_ee=[0.03834431 0.03828613] right_arm=[ 0.02710631  0.00314437  0.0158718  -0.00271247  0.00119488 -0.02115089] right_ee=[0.04392721 0.04392342]
step=263 env=0 left_arm=[ 0.05373139  1.4331546   1.1957297  -1.0676444   0.00390767  1.2228665 ] left_ee=[0.03800062 0.03799182] right_arm=[ 0.02513476  0.00765828  0.02429016  0.00111131 -0.00304775 -0.03003214] right_ee=[0.0436789  0.04366721]
step=264 env=0 left_arm=[ 0.07221254  1.4614621   1.2255263  -1.0980288   0.00445008  1.2532735 ] left_ee=[0.03639592 0.03642561] right_arm=[ 0.0274945   0.00670453  0.02267639 -0.00428911 -0.00042044 -0.0213748 ] right_ee=[0.04363152 0.04362972]
step=265 env=0 left_arm=[ 8.0407277e-02  1.4407426e+00  1.2121153e+00 -1.0906028e+00
 -7.2601996e-04  1.2417686e+00] left_ee=[0.03499033 0.03495074] right_arm=[ 0.02506268  0.00550188  0.02387878  0.00072237 -0.00353371 -0.01725768] right_ee=[0.04356052 0.0435559 ]
step=266 env=0 left_arm=[ 0.08623567  1.4630651   1.2250184  -1.1128764   0.00208727  1.2544799 ] left_ee=[0.03338407 0.03337383] right_arm=[ 0.02734763  0.01426056  0.03220948 -0.00125472 -0.00456846 -0.01715305] right_ee=[0.04343943 0.04344177]
step=267 env=0 left_arm=[ 1.0007378e-01  1.4643188e+00  1.2194365e+00 -1.1136419e+00
 -4.5487241e-04  1.2655572e+00] left_ee=[0.03244099 0.03243373] right_arm=[ 0.02466703  0.00904711  0.03175599  0.00190231 -0.00389439 -0.01161672] right_ee=[0.04346932 0.0434612 ]
step=268 env=0 left_arm=[ 0.10401151  1.4776168   1.2325699  -1.1336029   0.00281224  1.2684801 ] left_ee=[0.03111146 0.03111668] right_arm=[ 0.02675315  0.00504998  0.03451126 -0.0055054  -0.00457715 -0.01105899] right_ee=[0.04335833 0.04336379]
step=269 env=0 left_arm=[ 0.11015113  1.4712017   1.2278068  -1.131772    0.00490331  1.2654159 ] left_ee=[0.02934288 0.02934108] right_arm=[ 0.02685811 -0.00597033  0.0364499  -0.00159613 -0.00599383 -0.01412723] right_ee=[0.04330123 0.04329928]
step=270 env=0 left_arm=[ 1.1295443e-01  1.4295145e+00  1.1877383e+00 -1.0969222e+00
  2.0558418e-05  1.2261108e+00] left_ee=[0.02851672 0.02848495] right_arm=[ 0.02534266 -0.00386313  0.03170921  0.0023703  -0.01192523 -0.01891482] right_ee=[0.043261   0.04326038]
step=271 env=0 left_arm=[ 0.11712034  1.4192095   1.1758031  -1.1007782  -0.00684842  1.2248987 ] left_ee=[0.02729482 0.02729922] right_arm=[ 0.02283922  0.00399701  0.03192651  0.00593243 -0.01427317 -0.01792023] right_ee=[0.04319723 0.04319131]
step=272 env=0 left_arm=[ 1.21699356e-01  1.43229532e+00  1.19673419e+00 -1.11997831e+00
 -8.70553922e-05  1.23558116e+00] left_ee=[0.0258925  0.02595541] right_arm=[ 0.02337225 -0.0097258   0.03802469  0.00332761 -0.01361858 -0.01533903] right_ee=[0.04317321 0.04317199]
step=273 env=0 left_arm=[ 0.12703551  1.4214379   1.1790552  -1.1075474   0.00255389  1.2385728 ] left_ee=[0.02477386 0.02475114] right_arm=[ 0.02213401  0.00289137  0.03758169  0.00775562 -0.0142716  -0.01655561] right_ee=[0.04319614 0.04319516]
step=274 env=0 left_arm=[ 1.2924142e-01  1.4126515e+00  1.1713284e+00 -1.1074119e+00
  9.8540925e-04  1.2112790e+00] left_ee=[0.02366374 0.02366507] right_arm=[ 0.02255341 -0.01707251  0.03855054  0.00818358 -0.01356487 -0.0233503 ] right_ee=[0.04312586 0.04312743]
step=275 env=0 left_arm=[ 0.13465902  1.4112085   1.1616579  -1.0917149  -0.00196306  1.2278441 ] left_ee=[0.02321555 0.0232325 ] right_arm=[ 0.01996278 -0.00213719  0.03679055  0.0154809  -0.01891054 -0.02020057] right_ee=[0.04313408 0.04313616]
step=276 env=0 left_arm=[ 1.3336957e-01  1.4158942e+00  1.1695164e+00 -1.1046822e+00
  1.1170305e-03  1.2233579e+00] left_ee=[0.02271136 0.02271169] right_arm=[ 0.02262866 -0.00409037  0.04289448  0.01290211 -0.02254115 -0.01773997] right_ee=[0.04304059 0.04304395]
step=277 env=0 left_arm=[ 0.13763607  1.4098287   1.1644071  -1.0984732  -0.00174277  1.2242088 ] left_ee=[0.02224045 0.02224647] right_arm=[ 0.01994025 -0.00610866  0.03752039  0.01226735 -0.02314191 -0.02312413] right_ee=[0.04292142 0.04291157]
step=278 env=0 left_arm=[ 1.3743857e-01  1.4080012e+00  1.1550854e+00 -1.0949913e+00
  1.3577708e-03  1.2080268e+00] left_ee=[0.02239052 0.02236904] right_arm=[ 0.02096675 -0.0092227   0.04419671  0.01695    -0.02179893 -0.02427521] right_ee=[0.04294829 0.04294769]
step=279 env=0 left_arm=[ 0.12639251  1.3633561   1.1292889  -1.073096    0.00419261  1.1577636 ] left_ee=[0.02198149 0.02197278] right_arm=[ 0.02214479 -0.01317526  0.04320867  0.01888949 -0.02277695 -0.02719999] right_ee=[0.04290528 0.04290751]
step=280 env=0 left_arm=[ 0.13402362  1.3545071   1.112224   -1.066158    0.00575162  1.1560272 ] left_ee=[0.0221845  0.02219736] right_arm=[ 0.01824694 -0.01373896  0.04862132  0.01694634 -0.02407876 -0.03662153] right_ee=[0.04293846 0.04293217]
step=281 env=0 left_arm=[ 0.13346335  1.3487531   1.1128162  -1.0598936   0.00624885  1.1518011 ] left_ee=[0.0224092  0.02245424] right_arm=[ 0.01815399 -0.01641212  0.04864692  0.01445167 -0.0215239  -0.04336352] right_ee=[0.04289684 0.04289989]
step=282 env=0 left_arm=[ 0.130328    1.321934    1.0906056  -1.0367651   0.00803337  1.1291028 ] left_ee=[0.02248959 0.02247755] right_arm=[ 0.0188712  -0.02344851  0.04672145  0.01727262 -0.02439382 -0.03482308] right_ee=[0.04293403 0.04293952]
step=283 env=0 left_arm=[ 0.13680488  1.3267679   1.1022415  -1.0576433   0.00625593  1.1430244 ] left_ee=[0.0220207  0.02205069] right_arm=[ 0.01721715 -0.02798882  0.04299794  0.0091005  -0.01698859 -0.0343608 ] right_ee=[0.04305844 0.04305194]
step=284 env=0 left_arm=[ 0.12375847  1.2844092   1.0658123  -1.0152112   0.00636368  1.0814708 ] left_ee=[0.0221555  0.02213719] right_arm=[ 0.02049703 -0.03692967  0.04327903  0.01081368 -0.01340531 -0.03145292] right_ee=[0.04302695 0.04303559]
step=285 env=0 left_arm=[ 0.1279338   1.2693104   1.047008   -1.009916    0.00628356  1.0642393 ] left_ee=[0.02197957 0.02198129] right_arm=[ 0.01736031 -0.03617993  0.04787691  0.01312813 -0.01745465 -0.04657595] right_ee=[0.04302225 0.04302249]
step=286 env=0 left_arm=[ 0.12732007  1.2142199   1.0027318  -0.9605034   0.00742066  1.0293372 ] left_ee=[0.02233156 0.02234873] right_arm=[ 0.01633804 -0.05256716  0.04002137  0.0011419  -0.00746636 -0.03168683] right_ee=[0.04306931 0.04306852]
step=287 env=0 left_arm=[ 0.12507251  1.215432    0.99839234 -0.95714784  0.00424148  1.015156  ] left_ee=[0.02195313 0.02197595] right_arm=[ 0.01696983 -0.04494973  0.04511903  0.00013689 -0.01143357 -0.04585559] right_ee=[0.04317405 0.04318798]
step=288 env=0 left_arm=[ 0.11657447  1.1970034   0.9869412  -0.9400398   0.0075922   0.9891275 ] left_ee=[0.02175888 0.02177327] right_arm=[ 0.01919949 -0.05067527  0.0441341   0.00729171 -0.01001385 -0.04523586] right_ee=[0.04313891 0.04313989]
step=289 env=0 left_arm=[ 0.10862759  1.1495315   0.94376135 -0.8896106   0.01485044  0.9288579 ] left_ee=[0.02215106 0.02214661] right_arm=[ 0.01635792 -0.06450336  0.05679187  0.00744543 -0.00742733 -0.0497554 ] right_ee=[0.04314442 0.04313537]
step=290 env=0 left_arm=[ 0.1126932   1.150483    0.94246364 -0.8994769   0.00655618  0.93622   ] left_ee=[0.02180126 0.02183302] right_arm=[ 0.01644435 -0.05869051  0.04858587 -0.00742746 -0.00080524 -0.05416069] right_ee=[0.04308468 0.04309506]
step=291 env=0 left_arm=[ 0.10298174  1.1028484   0.89865476 -0.8436204   0.01574811  0.8893798 ] left_ee=[0.0219607  0.02195849] right_arm=[ 0.01739342 -0.06520385  0.05346572  0.00038982  0.00212596 -0.04488088] right_ee=[0.04298499 0.04298599]
step=292 env=0 left_arm=[ 0.09253378  1.0495126   0.8396827  -0.795023    0.02389073  0.827484  ] left_ee=[0.02205198 0.02201883] right_arm=[ 0.014696   -0.06164203  0.0548243   0.00791726 -0.00041498 -0.04853587] right_ee=[0.0429465  0.04294882]
step=293 env=0 left_arm=[ 0.08965214  1.0180074   0.82065904 -0.76538044  0.02296686  0.80092853] left_ee=[0.02208437 0.02217556] right_arm=[ 0.01181619 -0.08211011  0.04862353 -0.00601822  0.01465178 -0.05338305] right_ee=[0.04292933 0.04292427]
step=294 env=0 left_arm=[ 0.08013186  0.9539734   0.760251   -0.6936207   0.04205742  0.72919804] left_ee=[0.02264068 0.02264335] right_arm=[ 1.1694422e-02 -8.7465689e-02  5.2060220e-02  3.7305497e-05
  2.3268424e-02 -4.6459053e-02] right_ee=[0.04300896 0.04302046]
step=295 env=0 left_arm=[ 0.07636781  0.92466885  0.72646177 -0.6567867   0.0361271   0.7008506 ] left_ee=[0.02289011 0.02292686] right_arm=[ 0.01212374 -0.07201152  0.05460528  0.00039241  0.01635824 -0.04887396] right_ee=[0.0429036  0.04292498]
step=296 env=0 left_arm=[ 0.06133949  0.88092816  0.68594295 -0.6020804   0.05345618  0.64081764] left_ee=[0.02279784 0.02281624] right_arm=[ 0.01321224 -0.07862177  0.0497847   0.00185917  0.02658826 -0.04560238] right_ee=[0.04277697 0.04277259]
step=297 env=0 left_arm=[ 0.06409916  0.86039287  0.67001104 -0.5763182   0.05154334  0.6258664 ] left_ee=[0.02311652 0.02318859] right_arm=[ 0.00816496 -0.10131071  0.04946284 -0.00629498  0.03557839 -0.04906568] right_ee=[0.04274296 0.04273973]
step=298 env=0 left_arm=[ 0.05282896  0.8088846   0.6088014  -0.5259499   0.05427226  0.5683024 ] left_ee=[0.0229535  0.02289656] right_arm=[ 0.00823654 -0.10088049  0.05617605 -0.01233155  0.03605343 -0.0546412 ] right_ee=[0.0423991  0.04241751]
step=299 env=0 left_arm=[ 0.04343184  0.74384034  0.5490414  -0.44811168  0.06479587  0.5001196 ] left_ee=[0.02331611 0.02336651] right_arm=[ 0.00756368 -0.09128673  0.05981291 -0.00890258  0.03104391 -0.05065272] right_ee=[0.04249915 0.0425095 ]
step=300 env=0 left_arm=[ 0.02666928  0.6230262   0.4391201  -0.3303989   0.06469685  0.39284408] left_ee=[0.02419416 0.02423231] right_arm=[ 0.00537877 -0.09289401  0.05002722 -0.01326842  0.02165804 -0.05646035] right_ee=[0.04247425 0.04247949]
