step=1 env=0 left_arm=[-0.01922343  0.02360712  0.00864866 -0.038316   -0.02752269  0.06564421] left_ee=[0.04399916 0.044     ] right_arm=[ 0.00095652 -0.04095697  0.00528127 -0.04896715 -0.00895788 -0.02435433] right_ee=[0.04399778 0.04399332]
step=2 env=0 left_arm=[-0.02149945  0.06931987  0.03614461 -0.06427346 -0.03473164  0.11540667] left_ee=[0.04399822 0.044     ] right_arm=[ 0.00087941 -0.04976228  0.00429472 -0.05338461 -0.00892158 -0.02394395] right_ee=[0.04399915 0.04399074]
step=3 env=0 left_arm=[-0.02047243  0.129627    0.0759562  -0.10993509 -0.04217726  0.1892483 ] left_ee=[0.044 0.044] right_arm=[ 0.00053161 -0.0463032   0.00030008 -0.04747041 -0.00411994 -0.01937171] right_ee=[0.04399693 0.04399538]
step=4 env=0 left_arm=[-0.02055228  0.21745822  0.13704269 -0.16821848 -0.0480188   0.2803123 ] left_ee=[0.044 0.044] right_arm=[ 0.00045922 -0.04337069 -0.00340839 -0.04130968  0.00200073 -0.01468737] right_ee=[0.0439964  0.04399935]
step=5 env=0 left_arm=[-0.02750235  0.3738474   0.24798575 -0.25041592 -0.04674279  0.41777274] left_ee=[0.044 0.044] right_arm=[-0.00340002 -0.05891168 -0.00952672 -0.04739901  0.00248568  0.00075318] right_ee=[0.04399636 0.044     ]
step=6 env=0 left_arm=[-0.02813054  0.5047305   0.34067097 -0.33604705 -0.04541702  0.5427223 ] left_ee=[0.044 0.044] right_arm=[-0.00482988 -0.05081401 -0.00500004 -0.04064096  0.00690002  0.00873137] right_ee=[0.04399621 0.04399973]
step=7 env=0 left_arm=[-0.03454665  0.67461073  0.4728413  -0.44518915 -0.04166367  0.69971025] left_ee=[0.044 0.044] right_arm=[-0.0071724  -0.03551809 -0.00505239 -0.03459877  0.00812257  0.00878063] right_ee=[0.04399586 0.04399915]
step=8 env=0 left_arm=[-0.03780454  0.85503596  0.62517875 -0.58182096 -0.04858433  0.8795661 ] left_ee=[0.044      0.04399773] right_arm=[-0.00764556 -0.03153941 -0.00256861 -0.03866715  0.008278   -0.00149423] right_ee=[0.04399535 0.04399952]
step=9 env=0 left_arm=[-0.03469926  1.0321738   0.74800104 -0.69581085 -0.04813066  1.0627481 ] left_ee=[0.044 0.044] right_arm=[-0.01179178 -0.03494316 -0.0146447  -0.03467612  0.00683648  0.0071705 ] right_ee=[0.04399687 0.04399783]
step=10 env=0 left_arm=[-0.04193761  1.1674439   0.84153336 -0.779235   -0.04472767  1.173884  ] left_ee=[0.044      0.04398329] right_arm=[-0.00789462 -0.03633165 -0.00170001 -0.02980564  0.01184358  0.01401376] right_ee=[0.04399439 0.04399835]
step=11 env=0 left_arm=[-0.04550565  1.3501275   1.0053892  -0.8829964  -0.03879514  1.3459376 ] left_ee=[0.044 0.044] right_arm=[-0.00512732 -0.01284457 -0.00651066 -0.01765156  0.00652791  0.00756495] right_ee=[0.04399654 0.04399428]
step=12 env=0 left_arm=[-0.05605405  1.5137523   1.0898491  -0.939437   -0.02771337  1.439144  ] left_ee=[0.044      0.04395193] right_arm=[ 0.00335958  0.01792235  0.00458881 -0.01309742 -0.00362392 -0.00133871] right_ee=[0.04399806 0.04398615]
step=13 env=0 left_arm=[-0.04629281  1.6497473   1.1786759  -1.0146939  -0.01949612  1.5619678 ] left_ee=[0.044     0.0439507] right_arm=[ 0.00103264  0.01760286  0.00475058 -0.0138417  -0.00140348  0.00982427] right_ee=[0.04399657 0.04397903]
step=14 env=0 left_arm=[-0.04122274  1.7416092   1.2484049  -1.0742676  -0.02017502  1.6485445 ] left_ee=[0.044      0.04396014] right_arm=[-0.00080265  0.009404    0.00589869 -0.02087405  0.00141348  0.01311364] right_ee=[0.04399659 0.04399318]
step=15 env=0 left_arm=[-0.0321043  1.767317   1.2618225 -1.0848078 -0.0276195  1.6849494] left_ee=[0.04399255 0.04395381] right_arm=[-0.00231506  0.00102644 -0.00090139 -0.01822478  0.00327359  0.0164851 ] right_ee=[0.04399624 0.0439986 ]
step=16 env=0 left_arm=[-0.05006708  1.863779    1.3079679  -1.1125786  -0.01176583  1.7346264 ] left_ee=[0.044      0.04394958] right_arm=[-0.00325839  0.00156102  0.00432199 -0.01543919  0.01185094  0.00309618] right_ee=[0.04399391 0.044     ]
step=17 env=0 left_arm=[-0.03671966  1.8836797   1.3305992  -1.1280988  -0.01950481  1.7877285 ] left_ee=[0.04398193 0.04395911] right_arm=[-0.00436363 -0.01555271 -0.00099407 -0.02423134  0.01064012  0.01228703] right_ee=[0.0439911  0.04399904]
step=18 env=0 left_arm=[-0.03866683  1.92358     1.3604759  -1.1482542  -0.02175778  1.8231963 ] left_ee=[0.04194761 0.04193677] right_arm=[-0.00509651 -0.0290183  -0.00424463 -0.02454008  0.01543503  0.0195251 ] right_ee=[0.04399663 0.04399704]
step=19 env=0 left_arm=[-0.036566    1.9376242   1.3670751  -1.1546719  -0.01946136  1.8350335 ] left_ee=[0.03989723 0.03984704] right_arm=[-0.0081111  -0.04453529 -0.00218387 -0.02501521  0.01818328  0.01727692] right_ee=[0.0439955  0.04399996]
step=20 env=0 left_arm=[-0.04344758  1.9474292   1.3618338  -1.1547849  -0.023452    1.8521125 ] left_ee=[0.03701172 0.036726  ] right_arm=[-0.00861981 -0.05234317 -0.01604198 -0.01320788  0.01876307  0.01710073] right_ee=[0.04399385 0.04399878]
step=21 env=0 left_arm=[-0.04054259  1.941164    1.355805   -1.1512798  -0.0310924   1.887116  ] left_ee=[0.03247534 0.03232225] right_arm=[-0.01067325 -0.05844603 -0.02778685 -0.01184356  0.01651001  0.02565667] right_ee=[0.0439965  0.04399863]
step=22 env=0 left_arm=[-0.03765827  1.95645     1.3708127  -1.1606994  -0.03489242  1.897421  ] left_ee=[0.02773833 0.02770585] right_arm=[-0.01192316 -0.06638675 -0.02328347 -0.01688661  0.02158501  0.02931834] right_ee=[0.04399604 0.04399876]
step=23 env=0 left_arm=[-0.04232075  1.9526672   1.3598341  -1.1506261  -0.03811793  1.8872803 ] left_ee=[0.02441484 0.02409057] right_arm=[-0.01177644 -0.05811937 -0.02542628 -0.01796609  0.02054782  0.02380242] right_ee=[0.04399442 0.04399844]
step=24 env=0 left_arm=[-0.03954561  1.95674     1.3622063  -1.1589074  -0.03887503  1.8891071 ] left_ee=[0.02173618 0.02042289] right_arm=[-0.01129159 -0.06148823 -0.02555087 -0.01460888  0.02587276  0.02235079] right_ee=[0.04399737 0.04399707]
step=25 env=0 left_arm=[-0.03672288  1.9567038   1.3607265  -1.1432205  -0.03838635  1.9107668 ] left_ee=[0.01726122 0.01667816] right_arm=[-0.01597597 -0.06450588 -0.0305325  -0.01039608  0.02597209  0.02584426] right_ee=[0.04399534 0.04399805]
step=26 env=0 left_arm=[-0.0339314   1.9398055   1.3619385  -1.1501063  -0.04266103  1.9066478 ] left_ee=[0.01306877 0.01280741] right_arm=[-0.01285113 -0.07655028 -0.03450181 -0.00550461  0.02306992  0.03689397] right_ee=[0.04399105 0.04399536]
step=27 env=0 left_arm=[-0.0330232   1.9356161   1.3516815  -1.1416258  -0.03880778  1.9161313 ] left_ee=[0.01274416 0.01079153] right_arm=[-0.01556433 -0.06524505 -0.03573513 -0.00770399  0.01904202  0.03510875] right_ee=[0.0439988  0.04399057]
step=28 env=0 left_arm=[-0.03085135  1.9463363   1.3761572  -1.171416   -0.05216231  1.920022  ] left_ee=[0.01373228 0.00843778] right_arm=[-0.01627443 -0.06945349 -0.03462987 -0.01911569  0.02807395  0.03442919] right_ee=[0.0439938  0.04399468]
step=29 env=0 left_arm=[-0.0332159   1.9334614   1.3580356  -1.1579437  -0.05062252  1.8984668 ] left_ee=[0.01493512 0.00754309] right_arm=[-0.01408836 -0.06196374 -0.03515597 -0.00323726  0.02669401  0.02912783] right_ee=[0.04398846 0.04399684]
step=30 env=0 left_arm=[-0.03262567  1.931013    1.3789791  -1.1798686  -0.05301134  1.9115602 ] left_ee=[0.01271316 0.00659406] right_arm=[-0.01470319 -0.06395966 -0.03358611 -0.01412069  0.02963798  0.03287043] right_ee=[0.04399715 0.04399228]
step=31 env=0 left_arm=[-0.03117939  1.9288185   1.3774878  -1.1776125  -0.0496905   1.9165211 ] left_ee=[0.01218177 0.00583915] right_arm=[-0.01594949 -0.06748245 -0.03634135 -0.0093385   0.02296346  0.03562136] right_ee=[0.04399464 0.04399711]
step=32 env=0 left_arm=[-0.03348121  1.9315488   1.3783039  -1.1717552  -0.04973763  1.9112477 ] left_ee=[0.01055452 0.00500456] right_arm=[-0.01627136 -0.06143473 -0.03263815 -0.01094856  0.02671054  0.03488832] right_ee=[0.04399745 0.0439942 ]
step=33 env=0 left_arm=[-0.03093862  1.9340031   1.3805017  -1.1785765  -0.04735526  1.9098071 ] left_ee=[0.0118683  0.00389099] right_arm=[-0.01440045 -0.06974061 -0.0363077  -0.00374169  0.02539779  0.04072237] right_ee=[0.04399424 0.04399698]
step=34 env=0 left_arm=[-0.02664408  1.9145443   1.3809237  -1.1853538  -0.05607767  1.9225328 ] left_ee=[0.01027368 0.00354756] right_arm=[-0.01931514 -0.05945    -0.0311212  -0.015813    0.03218834  0.03257767] right_ee=[0.04399095 0.04399068]
step=35 env=0 left_arm=[-0.02733368  1.9230839   1.3855764  -1.187968   -0.0534739   1.9284492 ] left_ee=[0.00620588 0.00164007] right_arm=[-0.01848771 -0.06419776 -0.03635293 -0.01259762  0.03015571  0.04001817] right_ee=[0.04398388 0.04399846]
step=36 env=0 left_arm=[-0.02412655  1.9251924   1.3965236  -1.2064207  -0.05780067  1.92764   ] left_ee=[5.212012e-03 4.478322e-05] right_arm=[-0.01712648 -0.07594997 -0.03624756 -0.01245336  0.02690637  0.04594047] right_ee=[0.04399154 0.04399619]
step=37 env=0 left_arm=[-0.02488359  1.9336113   1.4110216  -1.2169762  -0.06340215  1.926388  ] left_ee=[2.1552676e-03 8.6152198e-07] right_arm=[-0.01685493 -0.07472163 -0.03625463 -0.01134728  0.03286235  0.04189529] right_ee=[0.04399668 0.04399235]
step=38 env=0 left_arm=[-0.02339867  1.9322729   1.4178995  -1.2269204  -0.06733826  1.9329904 ] left_ee=[0.00143825 0.00012096] right_arm=[-0.01840075 -0.07585111 -0.03624656 -0.0169983   0.03212754  0.04275204] right_ee=[0.04399562 0.0439986 ]
step=39 env=0 left_arm=[-0.02149139  1.9161946   1.4256752  -1.2380244  -0.07155428  1.9309158 ] left_ee=[1.476739e-04 3.626379e-07] right_arm=[-0.01795235 -0.07384081 -0.03059772 -0.02500026  0.0331194   0.03807132] right_ee=[0.04399599 0.04399956]
step=40 env=0 left_arm=[-0.01800366  1.9152218   1.4321357  -1.248193   -0.07794714  1.9233038 ] left_ee=[0. 0.] right_arm=[-0.01631863 -0.07427487 -0.03137055 -0.0248332   0.03543865  0.03963005] right_ee=[0.0439973  0.04399924]
step=41 env=0 left_arm=[-0.02325743  1.9153312   1.4499457  -1.2629409  -0.08081513  1.917506  ] left_ee=[0. 0.] right_arm=[-0.01606128 -0.07646213 -0.02717695 -0.02565191  0.03825765  0.03510971] right_ee=[0.0439987  0.04399915]
step=42 env=0 left_arm=[-0.0221895   1.9111114   1.4414612  -1.2638569  -0.07563245  1.9117059 ] left_ee=[0. 0.] right_arm=[-0.01743506 -0.07120471 -0.03010662 -0.02634638  0.03586985  0.03556537] right_ee=[0.04399887 0.04399907]
step=43 env=0 left_arm=[-0.02499351  1.9074419   1.460194   -1.2942401  -0.08205873  1.9113842 ] left_ee=[0. 0.] right_arm=[-0.01751585 -0.0722415  -0.03400008 -0.03816933  0.03335608  0.03543139] right_ee=[0.04399916 0.04399885]
step=44 env=0 left_arm=[-0.03018958  1.8919762   1.4690903  -1.3080453  -0.08150399  1.8913281 ] left_ee=[0. 0.] right_arm=[-0.01443006 -0.07119755 -0.02581769 -0.05089242  0.03283414  0.03244291] right_ee=[0.04399801 0.04399665]
step=45 env=0 left_arm=[-0.02847158  1.9017045   1.4582855  -1.2907776  -0.07914581  1.8951191 ] left_ee=[0. 0.] right_arm=[-0.01535757 -0.08020872 -0.03623313 -0.03645313  0.02715867  0.04127931] right_ee=[0.04399852 0.04399687]
step=46 env=0 left_arm=[-0.02741913  1.8929785   1.4825097  -1.3137339  -0.08108062  1.8855962 ] left_ee=[0. 0.] right_arm=[-0.01348708 -0.08618827 -0.03414565 -0.05122554  0.02804652  0.03718689] right_ee=[0.04399998 0.04399612]
step=47 env=0 left_arm=[-0.0257448   1.8816898   1.4940466  -1.3428657  -0.09101432  1.8674011 ] left_ee=[0. 0.] right_arm=[-0.01071196 -0.08029471 -0.02895362 -0.06723656  0.02682763  0.03220946] right_ee=[0.04399982 0.04399681]
step=48 env=0 left_arm=[-0.03022225  1.8918432   1.4900892  -1.3499883  -0.07452293  1.8557942 ] left_ee=[0. 0.] right_arm=[-0.01162174 -0.07107122 -0.03481949 -0.06961469  0.03071629  0.01825447] right_ee=[0.04399666 0.04399358]
step=49 env=0 left_arm=[-0.02513286  1.8865972   1.5174401  -1.355116   -0.059169    1.8421417 ] left_ee=[0. 0.] right_arm=[-0.00956886 -0.07033611 -0.0290981  -0.06470988  0.03361754  0.01322761] right_ee=[0.04399355 0.04399946]
step=50 env=0 left_arm=[-0.02501018  1.8793054   1.512081   -1.3605372  -0.05240182  1.8271228 ] left_ee=[0. 0.] right_arm=[-0.00687337 -0.07567897 -0.03071006 -0.08546904  0.036155    0.01018261] right_ee=[0.04399624 0.04399846]
step=51 env=0 left_arm=[-0.03258479  1.9282501   1.6308495  -1.3412509  -0.03452357  1.7671982 ] left_ee=[2.9914083e-06 2.9620339e-06] right_arm=[-0.00453559 -0.08794352 -0.0361393   0.00985749  0.03091839  0.0130896 ] right_ee=[0.04399877 0.04399232]
step=52 env=0 left_arm=[-0.03518337  1.9324335   1.6293434  -1.3266037  -0.02643177  1.7582735 ] left_ee=[0. 0.] right_arm=[-0.00449087 -0.08528344 -0.03622571  0.0206533   0.03122347  0.0131637 ] right_ee=[0.04399872 0.04399049]
step=53 env=0 left_arm=[-0.04379207  1.9202893   1.6132935  -1.3121262  -0.01814723  1.7368954 ] left_ee=[0. 0.] right_arm=[-0.00378277 -0.08958354 -0.03614079  0.01785451  0.03177312  0.01557362] right_ee=[0.0439989  0.04399636]
step=54 env=0 left_arm=[-0.04406534  1.9179953   1.5959516  -1.2972898  -0.01280207  1.7234488 ] left_ee=[0. 0.] right_arm=[-0.0045114  -0.0847154  -0.03629959  0.01637623  0.03043696  0.01362764] right_ee=[0.04399991 0.04399787]
step=55 env=0 left_arm=[-0.04808079  1.8975415   1.5674478  -1.2787961  -0.00840007  1.7095785 ] left_ee=[0. 0.] right_arm=[-0.00614403 -0.08584457 -0.03622185  0.01325535  0.0330213   0.01899763] right_ee=[0.04399693 0.04399781]
step=56 env=0 left_arm=[-0.04077883  1.8884946   1.559582   -1.2708634  -0.00349626  1.7097228 ] left_ee=[0. 0.] right_arm=[-0.00611176 -0.0860671  -0.03625543  0.01051395  0.03490862  0.01720482] right_ee=[0.04399564 0.04399954]
step=57 env=0 left_arm=[-0.04637617  1.8683652   1.5326947  -1.2417434   0.01267654  1.6875309 ] left_ee=[0. 0.] right_arm=[-0.00491354 -0.08945859 -0.0362013   0.01177576  0.03820857  0.02221864] right_ee=[0.04399662 0.04399956]
step=58 env=0 left_arm=[-0.04204652  1.8582054   1.5185784  -1.2322211   0.0145306   1.6864382 ] left_ee=[0. 0.] right_arm=[-0.0037832  -0.08366552 -0.03629833  0.00939933  0.03851137  0.02231608] right_ee=[0.04399692 0.04399918]
step=59 env=0 left_arm=[-0.05027531  1.8435963   1.5000297  -1.2111732   0.03176274  1.6610813 ] left_ee=[0. 0.] right_arm=[-0.00480074 -0.08379485 -0.0362559   0.00455602  0.03977777  0.02328733] right_ee=[0.04399813 0.04399742]
step=60 env=0 left_arm=[-0.0489585   1.8379718   1.4853626  -1.2077005   0.03672133  1.6514928 ] left_ee=[0. 0.] right_arm=[-0.00091253 -0.07588107 -0.03633639  0.0022283   0.04227332  0.02273249] right_ee=[0.0439956  0.04399785]
step=61 env=0 left_arm=[-0.04107009  1.8291328   1.4720607  -1.1901647   0.04038602  1.6372492 ] left_ee=[0. 0.] right_arm=[-0.00017883 -0.07547697 -0.03634949  0.00526498  0.04578366  0.02978485] right_ee=[0.04399876 0.04399583]
step=62 env=0 left_arm=[-0.04566811  1.8097675   1.4444592  -1.1696727   0.05018603  1.6242212 ] left_ee=[0. 0.] right_arm=[ 0.00015385 -0.07869146 -0.03630239  0.00415257  0.05263589  0.03415607] right_ee=[0.04399624 0.04399823]
step=63 env=0 left_arm=[-0.0470617   1.813343    1.4476177  -1.1816779   0.04098765  1.6190292 ] left_ee=[0. 0.] right_arm=[ 0.00039212 -0.07096933 -0.03637886  0.00979484  0.04949137  0.03361028] right_ee=[0.04399344 0.0439979 ]
step=64 env=0 left_arm=[-0.04887632  1.796848    1.4205451  -1.1421909   0.06297985  1.5961549 ] left_ee=[0. 0.] right_arm=[ 0.00043314 -0.06889813 -0.03642309  0.00461468  0.0543634   0.03352227] right_ee=[0.04399692 0.04399474]
step=65 env=0 left_arm=[-0.05047313  1.8000076   1.4130576  -1.1314964   0.0633157   1.5750214 ] left_ee=[0. 0.] right_arm=[ 4.5280878e-05 -6.3386008e-02 -3.6485542e-02  5.1202117e-03
  5.7502229e-02  3.4441072e-02] right_ee=[0.04399632 0.0439992 ]
step=66 env=0 left_arm=[-0.04946143  1.7919054   1.4052163  -1.1341423   0.06193399  1.5890003 ] left_ee=[0. 0.] right_arm=[-0.00087123 -0.05309328 -0.03647553  0.00622891  0.05671987  0.03261442] right_ee=[0.0439961  0.04399915]
step=67 env=0 left_arm=[-0.0586728   1.7837546   1.3958869  -1.1174467   0.08172533  1.5600997 ] left_ee=[0. 0.] right_arm=[ 0.00038496 -0.0459029  -0.03655606  0.00215599  0.05072391  0.02711296] right_ee=[0.04399559 0.04399545]
step=68 env=0 left_arm=[-0.06078773  1.7734632   1.3814895  -1.0916874   0.08398433  1.5516958 ] left_ee=[0. 0.] right_arm=[-0.00068063 -0.04726237 -0.03654086  0.00651021  0.06161671  0.03343838] right_ee=[0.04399278 0.04399044]
step=69 env=0 left_arm=[-0.06691838  1.7803248   1.3837942  -1.0763566   0.10834458  1.5175587 ] left_ee=[0. 0.] right_arm=[-7.0377057e-05 -4.0976245e-02 -3.6565199e-02  4.5275008e-03
  5.6472097e-02  3.1097258e-02] right_ee=[0.04398745 0.04399655]
step=70 env=0 left_arm=[-0.07089594  1.7731438   1.3671707  -1.0530014   0.11669061  1.4996829 ] left_ee=[0. 0.] right_arm=[-0.00056802 -0.03953795 -0.03654943  0.00689058  0.0553207   0.0290859 ] right_ee=[0.04399595 0.04399288]
step=71 env=0 left_arm=[-0.08036181  1.7758274   1.386385   -1.0611099   0.12073313  1.4863528 ] left_ee=[0. 0.] right_arm=[-0.00079629 -0.04265345 -0.03653395 -0.00149156  0.05832627  0.02633203] right_ee=[0.04399776 0.04399531]
step=72 env=0 left_arm=[-0.08349074  1.7796006   1.3800364  -1.0381043   0.138761    1.4635454 ] left_ee=[0. 0.] right_arm=[ 0.00025998 -0.03299935 -0.03463367  0.0063438   0.05267636  0.03198332] right_ee=[0.04399467 0.04399566]
step=73 env=0 left_arm=[-0.09197029  1.7884433   1.3808348  -1.017814    0.14959271  1.4403288 ] left_ee=[0. 0.] right_arm=[ 0.00150347 -0.02517904 -0.03164955  0.00510592  0.05443852  0.02613824] right_ee=[0.04399906 0.04399336]
step=74 env=0 left_arm=[-0.09434829  1.7689722   1.3580275  -0.9772148   0.17084847  1.406511  ] left_ee=[0. 0.] right_arm=[-0.00091214 -0.01413992 -0.02941932  0.00143381  0.04869748  0.02860503] right_ee=[0.04399972 0.04399687]
step=75 env=0 left_arm=[-0.10057157  1.7696792   1.3578008  -0.97596246  0.16294895  1.3925658 ] left_ee=[0. 0.] right_arm=[ 1.4266338e-05 -8.8356389e-03 -2.0764330e-02 -8.3314702e-03
  4.8304502e-02  2.4329020e-02] right_ee=[0.04399966 0.04399878]
step=76 env=0 left_arm=[-0.09415337  1.7591562   1.3652531  -0.978585    0.1619286   1.4039898 ] left_ee=[0. 0.] right_arm=[-0.00218177 -0.01258739 -0.01767153 -0.00803397  0.05213032  0.02860756] right_ee=[0.04399576 0.04399635]
step=77 env=0 left_arm=[-0.11776372  1.7647506   1.349506   -0.9212087   0.19564807  1.3442397 ] left_ee=[0.000000e+00 7.990863e-08] right_arm=[ 0.00276985  0.00491637 -0.01325577 -0.01402959  0.04103085  0.02471467] right_ee=[0.04398946 0.04398897]
step=78 env=0 left_arm=[-0.1236204  1.7579226  1.3323594 -0.8733464  0.2114363  1.3049424] left_ee=[0.0000000e+00 1.6047272e-08] right_arm=[ 0.00241957  0.01973476 -0.01017347 -0.01611078  0.04592752  0.02615291] right_ee=[0.04399638 0.04398145]
step=79 env=0 left_arm=[-0.12665172  1.7595155   1.3244423  -0.8444768   0.22568679  1.2808045 ] left_ee=[0. 0.] right_arm=[ 2.3136758e-03  2.3503559e-02 -7.1882365e-05 -1.8897107e-02
  4.2227350e-02  2.9693641e-02] right_ee=[0.04399346 0.04399645]
step=80 env=0 left_arm=[-0.14348055  1.7466079   1.3015147  -0.7594181   0.2744853   1.2003863 ] left_ee=[0.0000000e+00 1.7387939e-06] right_arm=[ 0.00521882  0.06472393  0.01897948 -0.00810936  0.0165369   0.02477893] right_ee=[0.04399323 0.0439825 ]
step=81 env=0 left_arm=[-0.15249082  1.7432894   1.2888024  -0.7090801   0.2878543   1.148872  ] left_ee=[0.0000e+00 3.4568e-07] right_arm=[ 0.00607795  0.08122852  0.02865123 -0.00887006  0.01334994  0.03274819] right_ee=[0.04399869 0.04397606]
step=82 env=0 left_arm=[-0.16878094  1.7308854   1.2506287  -0.6516473   0.31305784  1.079312  ] left_ee=[0.0000000e+00 6.9771755e-07] right_arm=[ 0.00753428  0.08281985  0.03368066 -0.01596595  0.01455712  0.03403985] right_ee=[0.04399952 0.04398825]
step=83 env=0 left_arm=[-0.17678663  1.7152244   1.216174   -0.5540772   0.35650456  1.0175707 ] left_ee=[0.0000000e+00 9.3401525e-07] right_arm=[ 0.00591886  0.08009059  0.01818296 -0.01711698  0.0191863   0.03503832] right_ee=[0.04399494 0.04399109]
step=84 env=0 left_arm=[-0.19867441  1.7014711   1.1791015  -0.40693793  0.4302579   0.8886462 ] left_ee=[0.000000e+00 3.915743e-06] right_arm=[ 0.01602407  0.12822162  0.04674498  0.00700638 -0.01762547  0.03948247] right_ee=[0.0438652  0.04387882]
step=85 env=0 left_arm=[-0.21458068  1.6874335   1.1425898  -0.3108272   0.48653838  0.81596833] left_ee=[0.000000e+00 8.391261e-07] right_arm=[ 0.02036203  0.16908634  0.06653555  0.03269926 -0.05341166  0.04852261] right_ee=[0.04381708 0.04378324]
step=86 env=0 left_arm=[-0.23916541  1.6523069   1.067007   -0.12752157  0.5891879   0.6622196 ] left_ee=[0.0000000e+00 4.6860155e-06] right_arm=[ 0.0287177   0.18580762  0.0765042   0.04816919 -0.06665826  0.05444927] right_ee=[0.04370923 0.04366319]
step=87 env=0 left_arm=[-0.26428244  1.6370008   1.0337062   0.02427756  0.6626358   0.5693354 ] left_ee=[9.0002965e-07 0.0000000e+00] right_arm=[ 0.04223489  0.2239232   0.09477324  0.06865188 -0.11184644  0.06077285] right_ee=[0.04356296 0.04355412]
step=88 env=0 left_arm=[-0.27661943  1.6013457   0.9906274   0.10193984  0.7132368   0.4890962 ] left_ee=[0.000000e+00 7.471756e-07] right_arm=[ 0.05334876  0.28912047  0.13922931  0.113282   -0.18573695  0.06263077] right_ee=[0.04353331 0.04351626]
step=89 env=0 left_arm=[-0.29911593  1.583808    0.9371467   0.26925153  0.80228716  0.38111496] left_ee=[1.4755042e-06 1.7074545e-07] right_arm=[ 0.06292101  0.31751487  0.1380674   0.13908145 -0.22389309  0.06898612] right_ee=[0.04343982 0.04335078]
step=90 env=0 left_arm=[-0.32101044  1.5580869   0.88515913  0.43201965  0.8839895   0.25953352] left_ee=[1.4159883e-06 6.9201985e-07] right_arm=[ 0.07594866  0.3509435   0.15891251  0.16547243 -0.26655963  0.07808044] right_ee=[0.04348335 0.04343609]
step=91 env=0 left_arm=[-0.3431998   1.551967    0.86701506  0.51407444  0.94442105  0.18675558] left_ee=[6.5326407e-07 8.7727216e-07] right_arm=[ 0.10648421  0.5116744   0.24445944  0.2632968  -0.4034321   0.08246751] right_ee=[0.04309865 0.04312181]
step=92 env=0 left_arm=[-0.3445127   1.5367123   0.8448059   0.5518687   0.9582693   0.16297783] left_ee=[0. 0.] right_arm=[ 0.12041686  0.54990923  0.2688008   0.29760063 -0.44885376  0.08605348] right_ee=[0.04314065 0.04302897]
step=93 env=0 left_arm=[-0.3500478  1.5084158  0.8027151  0.6391437  0.9917455  0.1011347] left_ee=[0. 0.] right_arm=[ 0.13042684  0.6007796   0.2864028   0.34714523 -0.49730775  0.0905126 ] right_ee=[0.04320811 0.04312093]
step=94 env=0 left_arm=[-0.35524324  1.5026759   0.7922132   0.6661347   1.0066464   0.07823581] left_ee=[0. 0.] right_arm=[ 0.15069392  0.69476265  0.33385116  0.4050868  -0.5730672   0.09374842] right_ee=[0.04326006 0.04321435]
step=95 env=0 left_arm=[-0.36214232  1.5130099   0.77997065  0.71458834  1.0488622   0.04014987] left_ee=[0.0000000e+00 2.7213662e-08] right_arm=[ 0.17200187  0.80104977  0.3767585   0.47556648 -0.65765506  0.09480467] right_ee=[0.04335783 0.04330252]
step=96 env=0 left_arm=[-0.3659829   1.5195603   0.77584845  0.7505378   1.0675931   0.02126369] left_ee=[0. 0.] right_arm=[ 0.19958508  0.9374225   0.4446472   0.5599414  -0.75827044  0.09722944] right_ee=[0.04338567 0.04333258]
step=97 env=0 left_arm=[-3.6954057e-01  1.5147893e+00  7.5843167e-01  7.8365827e-01
  1.0817301e+00  8.8368525e-04] left_ee=[0. 0.] right_arm=[ 0.19973585  0.9439417   0.44851953  0.563494   -0.7635298   0.09420685] right_ee=[0.04345484 0.04342771]
step=98 env=0 left_arm=[-0.3641972   1.4829178   0.7436541   0.7685975   1.0637331  -0.00417763] left_ee=[0. 0.] right_arm=[ 0.20854591  0.98655987  0.47454828  0.5903867  -0.79605     0.09320449] right_ee=[0.04355667 0.04354169]
step=99 env=0 left_arm=[-0.36210102  1.4858625   0.7435068   0.77492553  1.0650704  -0.00659113] left_ee=[0. 0.] right_arm=[ 0.2186155   1.0437343   0.5005481   0.62402874 -0.83585274  0.09669047] right_ee=[0.04362864 0.04360533]
step=100 env=0 left_arm=[-0.36456993  1.474959    0.71958125  0.7931114   1.0758928  -0.02237998] left_ee=[0. 0.] right_arm=[ 0.22176719  1.055444    0.49219832  0.6365346  -0.8449222   0.09933482] right_ee=[0.0437317  0.04373928]
step=101 env=0 left_arm=[-0.3632363   1.6424314   0.81690466  0.7505504   1.2334098   0.07031815] left_ee=[4.5743536e-06 4.1114045e-06] right_arm=[ 0.34188092  1.2507051   0.67314965  0.8226336  -1.0400261  -0.01836289] right_ee=[0.03575788 0.03630084]
step=102 env=0 left_arm=[-0.3550089   1.6714131   0.8298845   0.68969315  1.2316324   0.10717475] left_ee=[1.4752535e-08 0.0000000e+00] right_arm=[ 0.34936106  1.4404361   0.7739593   0.8456661  -1.1859324  -0.05292033] right_ee=[0.02788503 0.02790627]
step=103 env=0 left_arm=[-0.35497004  1.6690793   0.83231705  0.69193536  1.2188904   0.10892641] left_ee=[0. 0.] right_arm=[ 0.34911433  1.6171602   0.7800849   0.8480379  -1.2099127  -0.05547107] right_ee=[0.02040015 0.02064644]
step=104 env=0 left_arm=[-0.3435605   1.6493487   0.8328533   0.660201    1.1801193   0.12480398] left_ee=[9.3609991e-08 2.3168778e-07] right_arm=[ 0.3355152   1.6219721   0.7553139   0.8014995  -1.1719618  -0.05986565] right_ee=[0.01540989 0.01573666]
step=105 env=0 left_arm=[-0.34874013  1.6460733   0.8274894   0.66235     1.184911    0.12602386] left_ee=[0. 0.] right_arm=[ 0.34284353  1.6525673   0.7576804   0.82862973 -1.1918644  -0.0496816 ] right_ee=[0.01259351 0.01277678]
step=106 env=0 left_arm=[-0.33267227  1.6318883   0.8354101   0.61085546  1.146925    0.14622298] left_ee=[4.7969115e-07 5.1425792e-07] right_arm=[ 0.32715318  1.6172618   0.74814576  0.7536785  -1.140201   -0.07541942] right_ee=[0.01112123 0.0111689 ]
step=107 env=0 left_arm=[-0.31849006  1.6156292   0.8367582   0.5630344   1.0840664   0.16728418] left_ee=[1.2296630e-06 1.1469127e-06] right_arm=[ 0.311801    1.56077     0.72779596  0.69767255 -1.0782135  -0.08615367] right_ee=[0.01029615 0.0103627 ]
step=108 env=0 left_arm=[-0.3142964   1.5990708   0.84229255  0.54383713  1.064625    0.17783903] left_ee=[0.00077933 0.0007285 ] right_arm=[ 0.31203526  1.5736859   0.7259917   0.68969244 -1.0811054  -0.08363654] right_ee=[0.01077788 0.01082359]
step=109 env=0 left_arm=[-0.3042353   1.5788517   0.83973736  0.5135705   1.0368023   0.19120218] left_ee=[0.0018224  0.00180289] right_arm=[ 0.30674368  1.5740521   0.73530865  0.6392823  -1.0583513  -0.10886453] right_ee=[0.01128922 0.0112839 ]
step=110 env=0 left_arm=[-0.29122102  1.5687758   0.8463596   0.4457259   0.9952848   0.21999249] left_ee=[0.0030189  0.00302404] right_arm=[ 0.29993808  1.5520968   0.74075776  0.59374183 -1.0232383  -0.12847865] right_ee=[0.01146899 0.01149515]
step=111 env=0 left_arm=[-0.2794155   1.5214205   0.8400524   0.44582963  0.94457954  0.21882239] left_ee=[0.00459559 0.00453603] right_arm=[ 0.28769335  1.530287    0.7286001   0.54619575 -0.993448   -0.14345752] right_ee=[0.01264282 0.01268064]
step=112 env=0 left_arm=[-0.26389122  1.4989424   0.83819157  0.38533464  0.87914443  0.24371448] left_ee=[0.00627102 0.0062507 ] right_arm=[ 0.2744446   1.5049771   0.7380152   0.4750395  -0.943028   -0.17344385] right_ee=[0.01363179 0.01362783]
step=113 env=0 left_arm=[-0.26213056  1.5117182   0.85376287  0.37031674  0.8981657   0.23793198] left_ee=[0.00751054 0.00743065] right_arm=[ 0.27602923  1.506387    0.73460174  0.4758329  -0.94728404 -0.1653296 ] right_ee=[0.01415708 0.01423616]
step=114 env=0 left_arm=[-0.25482735  1.502639    0.8548448   0.37440482  0.88368475  0.23370095] left_ee=[0.0088191  0.00880199] right_arm=[ 0.27454406  1.516517    0.7628627   0.45718527 -0.9484654  -0.17934164] right_ee=[0.01423557 0.01422013]
step=115 env=0 left_arm=[-0.23978165  1.4834784   0.85019666  0.32166234  0.8522564   0.26135826] left_ee=[0.01004613 0.01003498] right_arm=[ 0.26281294  1.48777     0.7458965   0.4213281  -0.920568   -0.18910699] right_ee=[0.01468016 0.01471949]
step=116 env=0 left_arm=[-0.22950889  1.4657466   0.85981435  0.26655802  0.82380813  0.28214538] left_ee=[0.01083125 0.01081518] right_arm=[ 0.25568184  1.462863    0.74839157  0.37852606 -0.8857835  -0.20665462] right_ee=[0.01475296 0.01476182]
step=117 env=0 left_arm=[-0.2326573   1.4917957   0.87944     0.26458657  0.8385107   0.2864378 ] left_ee=[0.0116094  0.01157134] right_arm=[ 0.25842875  1.487203    0.7825391   0.37650862 -0.9073158  -0.2160121 ] right_ee=[0.01447821 0.01448536]
step=118 env=0 left_arm=[-0.20760505  1.4732406   0.88649666  0.2044487   0.7991722   0.31173417] left_ee=[0.01230648 0.01234981] right_arm=[ 0.24580045  1.4550393   0.7782446   0.31730497 -0.85748845 -0.2515858 ] right_ee=[0.01402826 0.01404326]
step=119 env=0 left_arm=[-0.20775501  1.4653625   0.8791975   0.22639324  0.7988914   0.30959812] left_ee=[0.01289426 0.01280098] right_arm=[ 0.24864042  1.4670851   0.79250073  0.33477616 -0.87885064 -0.24593422] right_ee=[0.0140165  0.01406225]
step=120 env=0 left_arm=[-0.19557536  1.4527098   0.88503206  0.18455692  0.7732809   0.3366313 ] left_ee=[0.01383556 0.0138466 ] right_arm=[ 0.23749709  1.4446911   0.8035946   0.2823602  -0.8405885  -0.26572117] right_ee=[0.01378305 0.01376689]
step=121 env=0 left_arm=[-0.18073255  1.4176304   0.8738039   0.14860842  0.71864575  0.33441076] left_ee=[0.01443871 0.01442827] right_arm=[ 0.22202644  1.4085151   0.80037147  0.2244697  -0.7908822  -0.3000728 ] right_ee=[0.01382904 0.0138461 ]
step=122 env=0 left_arm=[-0.18069775  1.41854     0.88828677  0.15366577  0.737004    0.3479432 ] left_ee=[0.0148853  0.01482463] right_arm=[ 0.2252364   1.4275148   0.8220888   0.2181668  -0.80592215 -0.30415314] right_ee=[0.01352332 0.01357003]
step=123 env=0 left_arm=[-0.17134273  1.3984429   0.89392966  0.11041322  0.7040172   0.365791  ] left_ee=[0.0154724  0.01547636] right_arm=[ 0.21637085  1.3995876   0.8189718   0.16860057 -0.7639478  -0.32094288] right_ee=[0.01361091 0.01362883]
step=124 env=0 left_arm=[-0.15874754  1.3838657   0.90263486  0.09667113  0.67526126  0.38063672] left_ee=[0.01579994 0.01582093] right_arm=[ 0.21274625  1.3791605   0.8189371   0.16362311 -0.75232214 -0.3177497 ] right_ee=[0.01374447 0.01377275]
step=125 env=0 left_arm=[-0.13371915  1.3096242   0.8908152   0.00589895  0.5876405   0.41116333] left_ee=[0.01690565 0.0168779 ] right_arm=[ 0.17693906  1.3104473   0.82225543  0.01794855 -0.6556466  -0.3860683 ] right_ee=[0.01438611 0.01435862]
step=126 env=0 left_arm=[-0.10603163  1.2486216   0.88729507 -0.09688521  0.49676934  0.45302874] left_ee=[0.0176096  0.01757352] right_arm=[ 0.15881522  1.2409629   0.81762606 -0.08019549 -0.5674729  -0.41571873] right_ee=[0.01481146 0.01488688]
step=127 env=0 left_arm=[-0.0955776   1.2170182   0.8749372  -0.12578975  0.4647935   0.46711063] left_ee=[0.01839896 0.01829834] right_arm=[ 0.14983438  1.2306274   0.8300538  -0.14871843 -0.5294357  -0.4624034 ] right_ee=[0.01500505 0.01506395]
step=128 env=0 left_arm=[-0.07729379  1.1762501   0.8832429  -0.20823917  0.3829229   0.5029636 ] left_ee=[0.01980188 0.01980857] right_arm=[ 0.13004452  1.1872576   0.8431651  -0.23566273 -0.44549704 -0.5099041 ] right_ee=[0.01535291 0.01533814]
step=129 env=0 left_arm=[-0.06585433  1.1322443   0.8858153  -0.24304853  0.34546825  0.5126382 ] left_ee=[0.02097417 0.02093548] right_arm=[ 0.11438929  1.14859     0.8306892  -0.2886332  -0.40620998 -0.5105632 ] right_ee=[0.0159341  0.01602554]
step=130 env=0 left_arm=[-0.04844549  1.0847617   0.8724616  -0.3340364   0.286472    0.541324  ] left_ee=[0.02193    0.02184452] right_arm=[ 0.10020373  1.1315387   0.8580507  -0.39459345 -0.34142935 -0.57044756] right_ee=[0.01654916 0.01654794]
step=131 env=0 left_arm=[-0.03288494  1.0293889   0.8512295  -0.39004937  0.2167387   0.558656  ] left_ee=[0.02303895 0.02301237] right_arm=[ 0.0781593   1.0753655   0.8629305  -0.4782067  -0.27716705 -0.6306397 ] right_ee=[0.01756431 0.01756243]
step=132 env=0 left_arm=[-0.02557811  1.0000378   0.85176605 -0.4063403   0.18807018  0.56658703] left_ee=[0.02389307 0.02389072] right_arm=[ 0.07221487  1.0704827   0.87045705 -0.5137171  -0.24940278 -0.6513577 ] right_ee=[0.01815293 0.01819741]
step=133 env=0 left_arm=[-0.01109107  0.95206296  0.83779407 -0.45463988  0.14040329  0.5870795 ] left_ee=[0.02466182 0.02462889] right_arm=[ 0.05902356  1.0352232   0.8703835  -0.57025015 -0.20216265 -0.66434354] right_ee=[0.01866995 0.01868435]
step=134 env=0 left_arm=[ 7.7268574e-04  9.1286516e-01  8.3365542e-01 -5.1812053e-01
  8.5136674e-02  6.0129046e-01] left_ee=[0.02561046 0.02558642] right_arm=[ 0.03950523  0.99986076  0.8810345  -0.6696339  -0.13503036 -0.7084813 ] right_ee=[0.01960086 0.01960322]
step=135 env=0 left_arm=[ 0.0128299   0.86437815  0.7878773  -0.5103902   0.05943327  0.5853949 ] left_ee=[0.0268337  0.02676111] right_arm=[ 0.03411258  0.9992219   0.8978256  -0.70350903 -0.10796217 -0.74582845] right_ee=[0.02036871 0.02035364]
step=136 env=0 left_arm=[ 0.00756938  0.8430279   0.78902805 -0.53419614  0.03640149  0.5860131 ] left_ee=[0.0279931  0.02799231] right_arm=[ 0.02237369  0.95515674  0.88197315 -0.73870736 -0.09019263 -0.7315875 ] right_ee=[0.02133625 0.021381  ]
step=137 env=0 left_arm=[ 0.01529558  0.79851025  0.74467987 -0.5549759   0.00888293  0.57955444] left_ee=[0.02895275 0.02887744] right_arm=[ 0.01200595  0.9474901   0.89142215 -0.78661203 -0.05899969 -0.76683253] right_ee=[0.02256788 0.02254366]
step=138 env=0 left_arm=[ 1.9482691e-02  8.0824655e-01  7.5336748e-01 -5.7207888e-01
  2.1802395e-04  5.9676117e-01] left_ee=[0.02932155 0.02935591] right_arm=[ 0.00735015  0.9610538   0.8990323  -0.8035031  -0.0385412  -0.80285287] right_ee=[0.02307353 0.02306522]
step=139 env=0 left_arm=[ 0.00746669  0.78510433  0.74156976 -0.5506482   0.01142197  0.57177097] left_ee=[0.02986792 0.0298715 ] right_arm=[ 0.01111495  0.96217245  0.90202403 -0.80188733 -0.05459465 -0.7762678 ] right_ee=[0.02372053 0.02372873]
step=140 env=0 left_arm=[ 0.01710089  0.75388515  0.7148728  -0.5531178  -0.00737342  0.5650968 ] left_ee=[0.03068569 0.03068957] right_arm=[-3.4375928e-04  9.3437326e-01  8.9005494e-01 -8.2338101e-01
 -2.1579767e-02 -7.8586125e-01] right_ee=[0.02397955 0.02397557]
step=141 env=0 left_arm=[ 0.00644348  0.7404151   0.70744085 -0.54482615 -0.01180491  0.5454716 ] left_ee=[0.0313061  0.03130845] right_arm=[ 0.00297154  0.9423497   0.8964306  -0.82795686 -0.02724148 -0.8001677 ] right_ee=[0.02468484 0.0246854 ]
step=142 env=0 left_arm=[ 0.00703767  0.71026725  0.6784284  -0.5393482  -0.01694549  0.5339737 ] left_ee=[0.03218294 0.0321654 ] right_arm=[-0.0038127   0.9048223   0.86723876 -0.81808156 -0.01472551 -0.80185586] right_ee=[0.02557121 0.02559031]
step=143 env=0 left_arm=[ 0.0162637   0.6877869   0.6571068  -0.5402184  -0.03254392  0.53519255] left_ee=[0.03288465 0.03289783] right_arm=[-0.00985468  0.89820445  0.87828106 -0.8369184  -0.00463492 -0.82505935] right_ee=[0.02594984 0.02590425]
step=144 env=0 left_arm=[ 0.00184791  0.652779    0.6269547  -0.49581757 -0.02041887  0.49126053] left_ee=[0.03332037 0.03331702] right_arm=[-0.00575458  0.89014393  0.8474877  -0.8032584  -0.01776485 -0.797094  ] right_ee=[0.02638377 0.02644734]
step=145 env=0 left_arm=[ 0.00430471  0.63857424  0.6188072  -0.502267   -0.02124104  0.49523157] left_ee=[0.03380334 0.03383461] right_arm=[-0.00882014  0.8522825   0.8185147  -0.7807537  -0.01241639 -0.78442454] right_ee=[0.02673749 0.02672422]
step=146 env=0 left_arm=[-0.01215646  0.5962782   0.5540881  -0.41761467  0.00534209  0.42906386] left_ee=[0.03401237 0.03397522] right_arm=[-0.00142173  0.82624346  0.7732934  -0.7184513  -0.03340653 -0.7216269 ] right_ee=[0.02702302 0.02704294]
step=147 env=0 left_arm=[-0.00477657  0.5383376   0.50526994 -0.39298105 -0.01554266  0.3955475 ] left_ee=[0.03490546 0.0349655 ] right_arm=[-0.0102252   0.794232    0.74704087 -0.71432436 -0.01366156 -0.737145  ] right_ee=[0.02815156 0.02812296]
step=148 env=0 left_arm=[-0.01352073  0.49681693  0.43663016 -0.31867328  0.00419762  0.34652805] left_ee=[0.03552052 0.03547526] right_arm=[-0.00168751  0.75143164  0.68356097 -0.64362484 -0.0297893  -0.6783435 ] right_ee=[0.0285528  0.02859774]
step=149 env=0 left_arm=[-0.00415893  0.431244    0.37178725 -0.27691716 -0.00460346  0.3127816 ] left_ee=[0.0362952  0.03632982] right_arm=[-0.00331862  0.70843554  0.63401496 -0.5969042  -0.0306264  -0.6482781 ] right_ee=[0.02924346 0.02922188]
step=150 env=0 left_arm=[-0.00119477  0.37326792  0.31146196 -0.24654277 -0.01115441  0.27985066] left_ee=[0.03693943 0.03692381] right_arm=[-0.00532621  0.6649347   0.58245194 -0.5587445  -0.01883183 -0.63543475] right_ee=[0.02991625 0.02992268]
step=151 env=0 left_arm=[-0.04080037  0.568915    0.50225013 -0.445015    0.09169162  0.47746828] left_ee=[0.03864115 0.03877809] right_arm=[-0.00366435  0.46780497  0.38528317 -0.35926235 -0.01001824 -0.43572673] right_ee=[0.03581765 0.03571565]
step=152 env=0 left_arm=[-0.04941332  0.76857674  0.6946495  -0.6343894   0.11091163  0.66585165] left_ee=[0.03910279 0.03948005] right_arm=[-0.00558407  0.2689855   0.18873727 -0.16527243 -0.00868676 -0.23776734] right_ee=[0.03945525 0.03919918]
step=153 env=0 left_arm=[-0.05399343  0.96193796  0.7874035  -0.7262267   0.11548376  0.7314605 ] left_ee=[0.03905887 0.0391842 ] right_arm=[-0.00483352  0.08097084  0.02308644 -0.0134351  -0.00882845 -0.05048133] right_ee=[0.04156012 0.04128876]
step=154 env=0 left_arm=[-0.05501324  1.1338236   0.79046464 -0.73634666  0.11680003  0.7262383 ] left_ee=[0.03868328 0.03844687] right_arm=[-0.00243425  0.00065682 -0.00718885  0.01874273 -0.01207635  0.01816997] right_ee=[0.0426223  0.04245118]
step=155 env=0 left_arm=[-0.05910505  1.160141    0.79152566 -0.73895216  0.12271366  0.7182226 ] left_ee=[0.03767825 0.03761641] right_arm=[-0.00097205 -0.01162968 -0.01553392  0.03296446 -0.01357995  0.03097459] right_ee=[0.04319231 0.04311489]
step=156 env=0 left_arm=[-0.05775265  1.1653236   0.784885   -0.7397088   0.1259229   0.71779203] left_ee=[0.03684022 0.03682   ] right_arm=[-0.0008152  -0.01786516 -0.02034951  0.03738846 -0.01419196  0.03341883] right_ee=[0.04352482 0.04348956]
step=157 env=0 left_arm=[-0.05933297  1.1572356   0.7710084  -0.7360611   0.12930991  0.7067087 ] left_ee=[0.03572468 0.03570795] right_arm=[ 0.00026256 -0.02472915 -0.02784535  0.04800108 -0.01701072  0.03580827] right_ee=[0.04371835 0.04370574]
step=158 env=0 left_arm=[-0.05967505  1.1577952   0.7671853  -0.7426045   0.1283345   0.70140874] left_ee=[0.03429311 0.03430274] right_arm=[ 0.00070148 -0.03155681 -0.03419448  0.04675727 -0.01316059  0.0377981 ] right_ee=[0.04383728 0.04382483]
step=159 env=0 left_arm=[-0.06111389  1.1637337   0.76618975 -0.74654233  0.13318428  0.70785856] left_ee=[0.03304956 0.03305611] right_arm=[ 0.00090194 -0.03350306 -0.03648022  0.05498174 -0.01666485  0.04077347] right_ee=[0.04390025 0.04390241]
step=160 env=0 left_arm=[-0.06443661  1.1721698   0.77043283 -0.7577052   0.132096    0.7042347 ] left_ee=[0.03200918 0.03201793] right_arm=[ 0.0026049  -0.03678396 -0.0354495   0.05629182 -0.01645612  0.03972484] right_ee=[0.04394225 0.04394072]
step=161 env=0 left_arm=[-0.06261976  1.1642786   0.761809   -0.75190175  0.12900613  0.69336706] left_ee=[0.03089808 0.03090969] right_arm=[ 0.00325555 -0.03819131 -0.03645721  0.05504199 -0.01452682  0.04016126] right_ee=[0.04396769 0.04396341]
step=162 env=0 left_arm=[-0.06587819  1.1763426   0.7665377  -0.7629907   0.13228543  0.7004116 ] left_ee=[0.03011634 0.03011033] right_arm=[ 0.00402185 -0.04110516 -0.03641697  0.05670023 -0.0143081   0.03942271] right_ee=[0.04395899 0.04395922]
step=163 env=0 left_arm=[-0.0617986   1.1741666   0.7586768  -0.76592374  0.125118    0.6943157 ] left_ee=[0.02930865 0.02931114] right_arm=[ 0.00371149 -0.04220385 -0.03644144  0.05840965 -0.01041415  0.03972011] right_ee=[0.04395518 0.04395171]
step=164 env=0 left_arm=[-0.06328031  1.1840227   0.76841867 -0.77814955  0.12616108  0.7013446 ] left_ee=[0.02823354 0.02824426] right_arm=[ 0.00373527 -0.04023888 -0.03651619  0.05830047 -0.01100097  0.03891948] right_ee=[0.04397065 0.04397421]
step=165 env=0 left_arm=[-0.06114228  1.1627264   0.7541849  -0.77145094  0.12375768  0.6840898 ] left_ee=[0.02724253 0.02723887] right_arm=[ 0.00331816 -0.04620912 -0.03643594  0.0580642  -0.01009903  0.04237787] right_ee=[0.04394026 0.04394027]
step=166 env=0 left_arm=[-0.06091873  1.1752254   0.75448924 -0.7738072   0.12751691  0.68939704] left_ee=[0.02689695 0.02689373] right_arm=[ 0.00534815 -0.0428923  -0.03647107  0.06317714 -0.01383488  0.04142719] right_ee=[0.04389289 0.04389843]
step=167 env=0 left_arm=[-0.0631249   1.1690793   0.75625753 -0.7705791   0.1262634   0.6822139 ] left_ee=[0.02647117 0.02648847] right_arm=[ 0.00550178 -0.04401925 -0.03645102  0.06210367 -0.01222643  0.04136253] right_ee=[0.0438744  0.04386758]
step=168 env=0 left_arm=[-0.06150667  1.1714817   0.75613105 -0.776456    0.12509187  0.6798184 ] left_ee=[0.02564721 0.02564259] right_arm=[ 0.00580925 -0.04663028 -0.03641795  0.06225967 -0.01200866  0.04386115] right_ee=[0.0438342  0.04383354]
step=169 env=0 left_arm=[-0.06175388  1.1678264   0.7506409  -0.7707481   0.1266242   0.6729103 ] left_ee=[0.02492507 0.02492132] right_arm=[ 0.00666758 -0.04650544 -0.03644155  0.06623406 -0.01340759  0.04262692] right_ee=[0.04381188 0.04381289]
step=170 env=0 left_arm=[-0.0614298   1.1466026   0.73886925 -0.7608325   0.12334312  0.65256834] left_ee=[0.02456475 0.02456858] right_arm=[ 0.0064536  -0.05116238 -0.03638952  0.06467096 -0.01096871  0.0424785 ] right_ee=[0.04380583 0.04380132]
step=171 env=0 left_arm=[-0.06107759  1.1291322   0.72791916 -0.7533435   0.12155218  0.6457093 ] left_ee=[0.02454965 0.02454966] right_arm=[ 0.00621638 -0.0537887  -0.03634464  0.06560771 -0.01276185  0.04316648] right_ee=[0.04377309 0.0437751 ]
step=172 env=0 left_arm=[-0.06180546  1.1207381   0.73089886 -0.75432765  0.12015662  0.6375819 ] left_ee=[0.02418664 0.02420536] right_arm=[ 0.00666643 -0.05577296 -0.03632028  0.06521578 -0.01238327  0.04321297] right_ee=[0.04374815 0.04374769]
step=173 env=0 left_arm=[-0.06125347  1.1286578   0.7296895  -0.7546577   0.12029935  0.6431579 ] left_ee=[0.02400086 0.02399186] right_arm=[ 0.00726395 -0.05379612 -0.03638994  0.06937797 -0.01291828  0.04281304] right_ee=[0.04368231 0.04368247]
step=174 env=0 left_arm=[-0.06243771  1.1263942   0.7291648  -0.75237685  0.12364942  0.6316479 ] left_ee=[0.02359457 0.02359576] right_arm=[ 0.00779429 -0.05121255 -0.03641855  0.07034396 -0.01516074  0.04348162] right_ee=[0.04370353 0.04370322]
step=175 env=0 left_arm=[-0.05964126  1.1290424   0.73021203 -0.753102    0.12017982  0.63534415] left_ee=[0.02335632 0.02336568] right_arm=[ 0.00745264 -0.05346119 -0.0363417   0.06978234 -0.01238522  0.04497328] right_ee=[0.04372401 0.04371908]
step=176 env=0 left_arm=[-0.06037588  1.107101    0.72367316 -0.7516482   0.11875922  0.6286758 ] left_ee=[0.02329025 0.023285  ] right_arm=[ 0.00693568 -0.05472582 -0.0363255   0.06830809 -0.01572014  0.04603433] right_ee=[0.04375653 0.0437594 ]
step=177 env=0 left_arm=[-0.06025511  1.1037652   0.7171292  -0.7436864   0.11788861  0.623938  ] left_ee=[0.0232331 0.0232311] right_arm=[ 0.00761306 -0.0555895  -0.03628183  0.06830776 -0.01481753  0.04639309] right_ee=[0.04371532 0.04371464]
step=178 env=0 left_arm=[-0.06185837  1.1002405   0.71708107 -0.74302083  0.12122871  0.6174647 ] left_ee=[0.02315542 0.02315683] right_arm=[ 0.00835738 -0.05538445 -0.03632755  0.0710405  -0.01565662  0.04517454] right_ee=[0.04371021 0.04371123]
step=179 env=0 left_arm=[-0.06022093  1.0777364   0.69964445 -0.72735935  0.11712546  0.59990996] left_ee=[0.02320789 0.02320769] right_arm=[ 0.00832275 -0.05524445 -0.0363129   0.06982722 -0.01686436  0.04476212] right_ee=[0.04370154 0.04370026]
step=180 env=0 left_arm=[-0.05988278  1.0717598   0.701458   -0.7316756   0.12089869  0.60113275] left_ee=[0.02342005 0.02342746] right_arm=[ 0.00859908 -0.05568418 -0.03634362  0.07203578 -0.02041464  0.04684156] right_ee=[0.04369701 0.04369717]
step=181 env=0 left_arm=[-0.05975272  1.0650476   0.7006607  -0.7337642   0.11447111  0.59236324] left_ee=[0.02353258 0.02354128] right_arm=[ 0.00784383 -0.0618221  -0.03627484  0.07121927 -0.01682671  0.0442742 ] right_ee=[0.04370292 0.04369602]
step=182 env=0 left_arm=[-0.06028099  1.0478946   0.687763   -0.7172857   0.11680525  0.58165646] left_ee=[0.02359621 0.02359074] right_arm=[ 0.00839559 -0.06383111 -0.03624071  0.07207146 -0.01741129  0.04544891] right_ee=[0.0436932  0.04369689]
step=183 env=0 left_arm=[-0.05977476  1.0356406   0.6862667  -0.71681976  0.11618377  0.5743961 ] left_ee=[0.02339933 0.02340982] right_arm=[ 0.00841718 -0.06295208 -0.03622971  0.07053308 -0.01833809  0.04460559] right_ee=[0.04368043 0.04368071]
step=184 env=0 left_arm=[-0.06000221  0.9907284   0.65818125 -0.68660504  0.11295553  0.53914666] left_ee=[0.02364367 0.02364386] right_arm=[ 0.00819839 -0.06952628 -0.03609561  0.0691319  -0.01626799  0.04369497] right_ee=[0.04371284 0.04371214]
step=185 env=0 left_arm=[-0.05862394  0.9744214   0.6462888  -0.68243873  0.11027736  0.52687943] left_ee=[0.02425838 0.02425698] right_arm=[ 0.00850093 -0.07294998 -0.03612209  0.07278612 -0.0185157   0.04330508] right_ee=[0.04365511 0.04365851]
step=186 env=0 left_arm=[-0.05750663  0.9342613   0.6295093  -0.66632366  0.10757712  0.5058301 ] left_ee=[0.0244421 0.0244573] right_arm=[ 0.00715191 -0.08052745 -0.03597691  0.0668746  -0.01520562  0.04199596] right_ee=[0.04369904 0.04369463]
step=187 env=0 left_arm=[-0.05563985  0.9293195   0.6179228  -0.6581931   0.10748274  0.49693948] left_ee=[0.02475733 0.02474812] right_arm=[ 0.00843406 -0.08247844 -0.03597743  0.06639531 -0.01404199  0.04327342] right_ee=[0.04373329 0.04373853]
step=188 env=0 left_arm=[-0.05548691  0.92485154  0.6114913  -0.6497503   0.10741948  0.49608064] left_ee=[0.02498839 0.02498937] right_arm=[ 0.00818695 -0.08011819 -0.03603829  0.06604657 -0.01463237  0.04402388] right_ee=[0.0437718  0.04377277]
step=189 env=0 left_arm=[-0.05623195  0.8582204   0.5743073  -0.6058043   0.10933946  0.44852594] left_ee=[0.02546954 0.02548126] right_arm=[ 0.0090599  -0.08084962 -0.0359912   0.06443912 -0.0166576   0.03992976] right_ee=[0.043762   0.04376446]
step=190 env=0 left_arm=[-0.05587455  0.84810066  0.5669073  -0.60030717  0.10858294  0.43910682] left_ee=[0.02574327 0.02575207] right_arm=[ 0.00884199 -0.08271103 -0.03595661  0.06420604 -0.01370305  0.03864007] right_ee=[0.04371627 0.04371217]
step=191 env=0 left_arm=[-0.05454096  0.82235384  0.546515   -0.5749499   0.11355179  0.42129412] left_ee=[0.02580849 0.02581115] right_arm=[ 0.00932377 -0.08680182 -0.03588262  0.06452534 -0.01273122  0.03724422] right_ee=[0.04373482 0.0437378 ]
step=192 env=0 left_arm=[-0.05311548  0.76758325  0.50946045 -0.54078144  0.10936671  0.39537242] left_ee=[0.02646662 0.0264689 ] right_arm=[ 0.00939363 -0.08415132 -0.0360135   0.06559931 -0.01695612  0.03672013] right_ee=[0.04363735 0.04364013]
step=193 env=0 left_arm=[-0.05033145  0.7324977   0.4888306  -0.51714504  0.10614581  0.36592868] left_ee=[0.02696406 0.02697896] right_arm=[ 0.00896478 -0.08893239 -0.035855    0.06178932 -0.01179141  0.03414116] right_ee=[0.04367198 0.04366621]
step=194 env=0 left_arm=[-0.05091143  0.6607188   0.4388676  -0.45647103  0.10644366  0.31281644] left_ee=[0.0277456  0.02775163] right_arm=[ 0.00890283 -0.0963636  -0.03574597  0.06019555 -0.00961959  0.03270718] right_ee=[0.04367547 0.04367954]
step=195 env=0 left_arm=[-0.04910817  0.66834277  0.44642785 -0.4685274   0.10907222  0.32339093] left_ee=[0.02795902 0.02797224] right_arm=[ 0.00965821 -0.09389771 -0.03581312  0.06416994 -0.0139482   0.03264442] right_ee=[0.04359256 0.04359961]
step=196 env=0 left_arm=[-0.05177198  0.61289066  0.4060393  -0.4155852   0.11472824  0.27586246] left_ee=[0.02841333 0.02841885] right_arm=[ 0.01086545 -0.09350856 -0.0358334   0.0628689  -0.01486776  0.03161445] right_ee=[0.04359925 0.04359746]
step=197 env=0 left_arm=[-0.04505111  0.59152037  0.3954198  -0.40021873  0.10475736  0.26740205] left_ee=[0.02908903 0.02912265] right_arm=[ 0.00897699 -0.10341172 -0.03568879  0.05846053 -0.00935741  0.03025035] right_ee=[0.04357709 0.04356908]
step=198 env=0 left_arm=[-0.04489408  0.51120144  0.32585818 -0.3369867   0.1040233   0.21182434] left_ee=[0.02984524 0.02982132] right_arm=[ 0.01094882 -0.10341877 -0.03569064  0.05619407 -0.0052063   0.02786083] right_ee=[0.0434738  0.04348038]
step=199 env=0 left_arm=[-0.04187772  0.48048225  0.31006587 -0.30997357  0.10801569  0.18895625] left_ee=[0.03042948 0.03044883] right_arm=[ 0.01045439 -0.10466698 -0.03567369  0.04902257 -0.00887068  0.0243801 ] right_ee=[0.04349373 0.0434984 ]
step=200 env=0 left_arm=[-0.03951415  0.40781206  0.24792278 -0.25650346  0.09627667  0.14489542] left_ee=[0.03144806 0.0314517 ] right_arm=[ 0.00923616 -0.10443577 -0.03569618  0.04392908 -0.0073381   0.020582  ] right_ee=[0.04342354 0.04342038]
step=201 env=0 left_arm=[-0.0784296   0.5996704   0.43485242 -0.4474311  -0.03943392  0.34276226] left_ee=[0.03625629 0.03656917] right_arm=[-0.00866501 -0.08008523 -0.03592805 -0.00380874  0.02086965  0.00810791] right_ee=[0.04368457 0.04364381]
step=202 env=0 left_arm=[-0.09054571  0.7944122   0.61897314 -0.5727363  -0.05087908  0.53680384] left_ee=[0.03924945 0.03962724] right_arm=[-0.01275662 -0.07990412 -0.03595956 -0.01181042  0.02940307  0.0078476 ] right_ee=[0.04378486 0.04382681]
step=203 env=0 left_arm=[-0.1007842   0.9808328   0.74306494 -0.64616954 -0.04693796  0.7184039 ] left_ee=[0.04113732 0.04126182] right_arm=[-0.01267915 -0.07857369 -0.03595724 -0.01434216  0.03443201  0.00892928] right_ee=[0.04386514 0.04389685]
step=204 env=0 left_arm=[-0.11202537  1.1536493   0.8223946  -0.69860977 -0.04389802  0.8072061 ] left_ee=[0.04230802 0.04220764] right_arm=[-0.01243698 -0.07711251 -0.03598546 -0.01785462  0.03855871  0.00780384] right_ee=[0.04391839 0.04393465]
step=205 env=0 left_arm=[-0.13229287  1.2856073   0.9090392  -0.75989676 -0.04469616  0.8788843 ] left_ee=[0.04242601 0.04235853] right_arm=[-0.01276999 -0.07589851 -0.03604964 -0.01794408  0.03745602  0.01368438] right_ee=[0.04394959 0.04396038]
step=206 env=0 left_arm=[-0.14411521  1.4155432   0.97853184 -0.82180566 -0.03391135  0.9519053 ] left_ee=[0.04230098 0.0421681 ] right_arm=[-0.00976535 -0.07607866 -0.03600402 -0.01273201  0.03540408  0.01650957] right_ee=[0.04396852 0.04397645]
step=207 env=0 left_arm=[-0.1596971   1.5058228   1.0567809  -0.87764597 -0.03232424  1.0030808 ] left_ee=[0.04198767 0.0419783 ] right_arm=[-0.00913017 -0.0831479  -0.03594512 -0.00751481  0.03689475  0.01897925] right_ee=[0.04398574 0.0439804 ]
step=208 env=0 left_arm=[-0.16775389  1.6092895   1.1179249  -0.93370867 -0.03330628  1.0605093 ] left_ee=[0.04087703 0.04076596] right_arm=[-0.0073772  -0.09294627 -0.03582706 -0.00523268  0.04028394  0.02440121] right_ee=[0.0439917  0.04398962]
step=209 env=0 left_arm=[-0.17536542  1.656614    1.1476798  -0.9655155  -0.0315249   1.0994462 ] left_ee=[0.03902554 0.03895059] right_arm=[-0.00953823 -0.09798391 -0.03578579 -0.00380101  0.03861848  0.03109204] right_ee=[0.04399616 0.04399369]
step=210 env=0 left_arm=[-0.18033217  1.7014066   1.1788445  -0.99456155 -0.02696614  1.1204756 ] left_ee=[0.0375385  0.03750446] right_arm=[-0.00574724 -0.1036873  -0.03568774 -0.00221853  0.03855039  0.03497867] right_ee=[0.04399488 0.04399624]
step=211 env=0 left_arm=[-0.18741342  1.7563576   1.2175598  -1.0202801  -0.03759682  1.1408216 ] left_ee=[0.03565467 0.03563806] right_arm=[-0.00669682 -0.11284934 -0.03548283  0.00354974  0.04198415  0.03455822] right_ee=[0.04399706 0.04399319]
step=212 env=0 left_arm=[-0.19441254  1.7877495   1.2342448  -1.0284113  -0.03920285  1.1529838 ] left_ee=[0.03420321 0.03414721] right_arm=[-0.00266111 -0.11044075 -0.03556769  0.00577466  0.04109215  0.03645577] right_ee=[0.04399331 0.04399526]
step=213 env=0 left_arm=[-0.19519146  1.8104275   1.2608632  -1.0599484  -0.04355515  1.1690574 ] left_ee=[0.03213067 0.03211334] right_arm=[-0.00435767 -0.11356247 -0.03546774  0.005623    0.04066631  0.03462903] right_ee=[0.04399743 0.04399223]
step=214 env=0 left_arm=[-0.19890168  1.8323115   1.2820342  -1.0779078  -0.04646323  1.178856  ] left_ee=[0.02899409 0.02898247] right_arm=[-0.00592083 -0.12034664 -0.03536026  0.00408022  0.04178751  0.03437493] right_ee=[0.04399781 0.04399697]
step=215 env=0 left_arm=[-0.1971653   1.8299453   1.2863129  -1.0854765  -0.05151965  1.1816269 ] left_ee=[0.02598892 0.02597596] right_arm=[-0.00770299 -0.1303289  -0.03520427  0.00348072  0.04465765  0.03580002] right_ee=[0.04399669 0.04399915]
step=216 env=0 left_arm=[-0.20329234  1.844977    1.2829285  -1.0804672  -0.04907876  1.1851652 ] left_ee=[0.02402435 0.02398141] right_arm=[-0.00576992 -0.1218327  -0.0353198   0.00501194  0.04034657  0.03452905] right_ee=[0.04399304 0.04399562]
step=217 env=0 left_arm=[-0.20279932  1.8559632   1.2961812  -1.0877482  -0.04869893  1.1870801 ] left_ee=[0.02245068 0.02247022] right_arm=[-0.00548572 -0.12681364 -0.03525843  0.00510713  0.04061251  0.03566006] right_ee=[0.0439983  0.04399334]
step=218 env=0 left_arm=[-0.20606892  1.8582573   1.3118974  -1.0972111  -0.05098508  1.1920485 ] left_ee=[0.02010644 0.02011549] right_arm=[-0.00687602 -0.13009344 -0.03520327  0.00334789  0.04140471  0.03598909] right_ee=[0.04399811 0.04399623]
step=219 env=0 left_arm=[-0.20470436  1.858222    1.3039733  -1.0946999  -0.04802293  1.190432  ] left_ee=[0.01757121 0.01753083] right_arm=[-0.00629415 -0.1303223  -0.03522243  0.00844558  0.03852579  0.03745597] right_ee=[0.04399595 0.04399763]
step=220 env=0 left_arm=[-0.20558107  1.8450363   1.3048362  -1.1025013  -0.04906613  1.1838211 ] left_ee=[0.01507333 0.0150816 ] right_arm=[-0.00665997 -0.13081674 -0.03519592  0.01080527  0.04068672  0.03397562] right_ee=[0.04399807 0.04399571]
step=221 env=0 left_arm=[-0.20350404  1.8345407   1.2989249  -1.1013174  -0.05331947  1.1872008 ] left_ee=[0.01275993 0.01276913] right_arm=[-0.00534617 -0.12939969 -0.03526716  0.00764874  0.03922667  0.03625079] right_ee=[0.04399618 0.04399796]
step=222 env=0 left_arm=[-0.2074393   1.8468755   1.3196886  -1.1120316  -0.05364334  1.1871196 ] left_ee=[0.01025486 0.01029174] right_arm=[-0.00648338 -0.12981555 -0.03521768  0.00936288  0.03917987  0.03647216] right_ee=[0.04399845 0.04399628]
step=223 env=0 left_arm=[-0.20738043  1.849265    1.3177481  -1.1108129  -0.05580705  1.1866807 ] left_ee=[0.00841719 0.0083943 ] right_arm=[-0.00581104 -0.12238874 -0.03531206  0.00888273  0.03680197  0.03843116] right_ee=[0.04399724 0.04399794]
step=224 env=0 left_arm=[-0.20156941  1.8433734   1.3092681  -1.1089917  -0.04875879  1.1778419 ] left_ee=[0.00622567 0.00621282] right_arm=[-0.00476679 -0.12103921 -0.03540319  0.01935113  0.03454578  0.03478882] right_ee=[0.04399861 0.04399722]
step=225 env=0 left_arm=[-0.20872276  1.8499143   1.328506   -1.1239761  -0.05467995  1.1817466 ] left_ee=[0.00440059 0.00442718] right_arm=[-0.00688578 -0.1215787  -0.03535819  0.0110142   0.03710798  0.03300121] right_ee=[0.04399607 0.04399459]
step=226 env=0 left_arm=[-0.2047804   1.8385358   1.3282659  -1.1284521  -0.05704233  1.1819118 ] left_ee=[0.00228104 0.00228251] right_arm=[-0.00534721 -0.12197388 -0.03533408  0.01250588  0.03587494  0.03555937] right_ee=[0.04399254 0.04399783]
step=227 env=0 left_arm=[-0.20476288  1.8371671   1.3244826  -1.1293857  -0.05614221  1.1860504 ] left_ee=[0.00091383 0.00090292] right_arm=[-0.00624016 -0.11759472 -0.0354326   0.01319363  0.03478208  0.03540671] right_ee=[0.04399788 0.04399556]
step=228 env=0 left_arm=[-0.20748134  1.8523694   1.3451089  -1.1429954  -0.05632684  1.1828876 ] left_ee=[0. 0.] right_arm=[-0.00574606 -0.1167107  -0.03547466  0.01395684  0.0355112   0.034585  ] right_ee=[0.04399822 0.04399834]
step=229 env=0 left_arm=[-0.20416483  1.8387278   1.3306125  -1.1364067  -0.05392704  1.1673545 ] left_ee=[0. 0.] right_arm=[-0.005516   -0.11486624 -0.03550193  0.01942098  0.03359785  0.03336893] right_ee=[0.04399817 0.04399833]
step=230 env=0 left_arm=[-0.20455821  1.8379753   1.3569517  -1.1572064  -0.05400961  1.1744629 ] left_ee=[0. 0.] right_arm=[-0.00421746 -0.10834176 -0.03552962  0.01847797  0.03125966  0.03318723] right_ee=[0.04399904 0.04399732]
step=231 env=0 left_arm=[-0.20464204  1.8404387   1.3689014  -1.1720805  -0.05625371  1.1760985 ] left_ee=[0. 0.] right_arm=[-0.00364185 -0.10224918 -0.03564369  0.01835201  0.02957009  0.03079876] right_ee=[0.04399943 0.04399746]
step=232 env=0 left_arm=[-0.20662932  1.8402576   1.3719805  -1.1709808  -0.05607948  1.1699792 ] left_ee=[0. 0.] right_arm=[-0.00487783 -0.11330844 -0.03547379  0.0154504   0.03433315  0.03245672] right_ee=[0.04399609 0.04399619]
step=233 env=0 left_arm=[-0.20556876  1.8398988   1.3808035  -1.1759939  -0.0537769   1.1653037 ] left_ee=[0. 0.] right_arm=[-0.00490852 -0.1070953  -0.03554826  0.01378354  0.0306908   0.03267965] right_ee=[0.04399315 0.04399777]
step=234 env=0 left_arm=[-0.20273432  1.8232967   1.3839594  -1.186609   -0.05411303  1.1588144 ] left_ee=[0. 0.] right_arm=[-0.00488413 -0.10800537 -0.03555245  0.02067282  0.03420004  0.02783269] right_ee=[0.04399772 0.04399582]
step=235 env=0 left_arm=[-0.19859685  1.8242388   1.3952762  -1.1950942  -0.05282095  1.1532255 ] left_ee=[0. 0.] right_arm=[-0.00306436 -0.10272826 -0.03566653  0.02257192  0.03003865  0.02926592] right_ee=[0.0439948  0.04399566]
step=236 env=0 left_arm=[-0.19553915  1.8228973   1.4081403  -1.212042   -0.0489415   1.1464789 ] left_ee=[0. 0.] right_arm=[-0.00277495 -0.10794827 -0.03559202  0.01784471  0.03122523  0.02763208] right_ee=[0.0439984  0.04399336]
step=237 env=0 left_arm=[-0.2001077   1.8333561   1.413957   -1.2137054  -0.04385202  1.1403058 ] left_ee=[0. 0.] right_arm=[-0.00203934 -0.1070851  -0.03569464  0.0193183   0.0354593   0.02192579] right_ee=[0.04399817 0.04399701]
step=238 env=0 left_arm=[-0.19935893  1.8100873   1.4043394  -1.2035733  -0.03784207  1.1234279 ] left_ee=[0. 0.] right_arm=[-0.00122037 -0.1115355  -0.03560298  0.01821389  0.03696448  0.02110821] right_ee=[0.0439971  0.04399976]
step=239 env=0 left_arm=[-0.19762084  1.8167571   1.4255373  -1.209343   -0.02803636  1.1106081 ] left_ee=[0. 0.] right_arm=[-0.00080948 -0.10533074 -0.03567276  0.02330806  0.03326361  0.01926451] right_ee=[0.04399717 0.04399741]
step=240 env=0 left_arm=[-0.19783783  1.8078985   1.4243957  -1.2007065  -0.01738896  1.0849937 ] left_ee=[0. 0.] right_arm=[ 0.0022892  -0.09990467 -0.0357217   0.02036674  0.03274468  0.01779883] right_ee=[0.04399917 0.04399685]
step=241 env=0 left_arm=[-1.9837451e-01  1.8047601e+00  1.4232835e+00 -1.1874480e+00
 -6.9751387e-04  1.0601397e+00] left_ee=[0. 0.] right_arm=[ 0.0049273  -0.10533552 -0.03565606  0.02587276  0.03439943  0.01404127] right_ee=[0.0439995  0.04399672]
step=242 env=0 left_arm=[-0.19202451  1.7918572   1.414053   -1.1617157   0.020571    1.04584   ] left_ee=[0. 0.] right_arm=[ 0.00444095 -0.09696814 -0.03572177  0.02224376  0.02274309  0.01297712] right_ee=[0.0439994  0.04399386]
step=243 env=0 left_arm=[-0.19306071  1.7840767   1.4168861  -1.1440597   0.03667346  1.0162809 ] left_ee=[0. 0.] right_arm=[ 0.00418733 -0.09826906 -0.03568762  0.02055538  0.01978558  0.01558669] right_ee=[0.04399998 0.04399214]
step=244 env=0 left_arm=[-0.19629161  1.7655823   1.3956207  -1.0829859   0.07886378  0.9817095 ] left_ee=[0.0000000e+00 3.9857483e-07] right_arm=[ 0.00609649 -0.11002121 -0.03552344  0.01348165  0.02483362  0.01400734] right_ee=[0.04399881 0.04399548]
step=245 env=0 left_arm=[-0.19162081  1.760429    1.3771398  -1.0611542   0.08434929  0.9698693 ] left_ee=[0. 0.] right_arm=[ 0.00488931 -0.11160023 -0.0348922   0.01718378  0.02129597  0.01541816] right_ee=[0.04399799 0.04399905]
step=246 env=0 left_arm=[-0.19361027  1.7439207   1.3530525  -0.9814258   0.14859688  0.9104126 ] left_ee=[0.000000e+00 1.925147e-06] right_arm=[ 0.01064548 -0.10133682 -0.02724463  0.016196    0.02273225  0.0157009 ] right_ee=[0.04399685 0.04399534]
step=247 env=0 left_arm=[-0.18224995  1.7250423   1.3389592  -0.94754183  0.17218061  0.8735259 ] left_ee=[0.0000000e+00 7.2351855e-07] right_arm=[ 0.01345927 -0.09857202 -0.01481603  0.00975522  0.02850556  0.00803908] right_ee=[0.04399831 0.04399366]
step=248 env=0 left_arm=[-0.18616979  1.7080098   1.2806406  -0.8355734   0.23300625  0.8068979 ] left_ee=[0.0000000e+00 1.7411418e-06] right_arm=[ 0.01663499 -0.10019566 -0.01280026  0.01553938  0.02583102  0.00451625] right_ee=[0.04399611 0.04399543]
step=249 env=0 left_arm=[-0.19514637  1.6903183   1.2254261  -0.65796477  0.33989125  0.7222342 ] left_ee=[0.0000000e+00 1.5157256e-06] right_arm=[ 0.02487119 -0.0840819   0.00791415  0.01957543  0.01748988  0.00255207] right_ee=[0.04399689 0.04398752]
step=250 env=0 left_arm=[-0.18409443  1.6441493   1.1792334  -0.6132473   0.3392321   0.6962679 ] left_ee=[0.0000000e+00 9.9855555e-08] right_arm=[ 0.02260964 -0.09481315  0.0044778   0.00706582  0.02237643 -0.00679166] right_ee=[0.0438744  0.04385355]
step=251 env=0 left_arm=[-0.2094801   1.8200912   1.3726926  -0.81057036  0.1497328   0.89249563] left_ee=[0.00161056 0.00197409] right_arm=[ 0.0027608  -0.09066629 -0.03995189 -0.01741307  0.04479319 -0.00173726] right_ee=[0.0439454  0.04390841]
step=252 env=0 left_arm=[-0.20876965  1.904496    1.5531058  -1.0063384   0.0710808   1.0743191 ] left_ee=[0.00303955 0.0032728 ] right_arm=[-5.4664633e-05 -9.4009280e-02 -3.6137894e-02 -2.2621145e-02
  5.2886412e-02 -2.8979280e-03] right_ee=[0.04394015 0.04398156]
step=253 env=0 left_arm=[-0.20884694  1.9070023   1.610919   -1.1868764   0.07322761  1.097832  ] left_ee=[0.00374772 0.0033091 ] right_arm=[-0.00209649 -0.09994387 -0.03610046 -0.02933606  0.05872725 -0.00115559] right_ee=[0.0439601 0.0439858]
step=254 env=0 left_arm=[-0.20245035  1.9006298   1.6016167  -1.2005602   0.09326101  1.080393  ] left_ee=[0.00369234 0.00379085] right_arm=[-0.00274989 -0.09979523 -0.03612281 -0.03616324  0.06181318 -0.00160193] right_ee=[0.04397222 0.04399074]
step=255 env=0 left_arm=[-0.19446088  1.8831741   1.5759153  -1.1676726   0.12255383  1.0599619 ] left_ee=[0.00329041 0.0033814 ] right_arm=[-0.00421117 -0.10279433 -0.03605847 -0.0419127   0.0613674  -0.00685269] right_ee=[0.0439821  0.04399254]
step=256 env=0 left_arm=[-0.18701904  1.8812839   1.5691552  -1.1385727   0.15133514  1.0449877 ] left_ee=[0.00283709 0.00290553] right_arm=[-0.00376779 -0.10568759 -0.03601747 -0.0466408   0.06268784 -0.01228928] right_ee=[0.04398841 0.04399463]
step=257 env=0 left_arm=[-0.18059838  1.849539    1.5029191  -1.0397935   0.2002344   0.993176  ] left_ee=[0.00239613 0.00238901] right_arm=[-0.0056903  -0.11884543 -0.03590012 -0.05526507  0.07486285 -0.00696671] right_ee=[0.043991   0.04399252]
step=258 env=0 left_arm=[-0.17014001  1.8475286   1.4939896  -1.0260699   0.21396546  0.99181175] left_ee=[0.00179647 0.00182527] right_arm=[-0.00218136 -0.10831597 -0.035995   -0.04984239  0.06511555 -0.00820893] right_ee=[0.04398192 0.04399093]
step=259 env=0 left_arm=[-0.16886549  1.8338172   1.4690452  -0.96970683  0.24172996  0.9564616 ] left_ee=[0.00082888 0.00083157] right_arm=[-0.00438938 -0.11339368 -0.0359345  -0.05409988  0.06271537 -0.0116507 ] right_ee=[0.0439965  0.04398338]
step=260 env=0 left_arm=[-0.15786675  1.8220476   1.436544   -0.9148885   0.271113    0.9364856 ] left_ee=[0.0000000e+00 3.4409797e-07] right_arm=[-0.00140985 -0.11341735 -0.03596142 -0.04930285  0.05534806 -0.01198575] right_ee=[0.04399407 0.04399301]
step=261 env=0 left_arm=[-0.15696535  1.8089187   1.4040458  -0.85189146  0.29584447  0.9001867 ] left_ee=[0.000000e+00 6.731065e-07] right_arm=[-0.00397846 -0.12737444 -0.03592105 -0.05637876  0.06437952 -0.00839778] right_ee=[0.04399199 0.04398618]
step=262 env=0 left_arm=[-0.15195899  1.7907192   1.3561271  -0.77645206  0.33516622  0.86858535] left_ee=[0.000000e+00 5.591826e-07] right_arm=[-0.00378728 -0.13130842 -0.03588895 -0.05503638  0.06787945  0.00275644] right_ee=[0.04398905 0.04399899]
step=263 env=0 left_arm=[-0.14559375  1.7869682   1.3428572  -0.76545554  0.332605    0.85423005] left_ee=[5.0427484e-08 0.0000000e+00] right_arm=[-0.00178291 -0.11746293 -0.03599823 -0.04960107  0.05813565  0.00794108] right_ee=[0.04398866 0.0439925 ]
step=264 env=0 left_arm=[-0.14314683  1.7716465   1.3121971  -0.70731586  0.3649443   0.824112  ] left_ee=[0.0000000e+00 2.5198307e-07] right_arm=[-0.0012808  -0.12611692 -0.03584072 -0.05513824  0.06257355  0.00848504] right_ee=[0.04399711 0.04398667]
step=265 env=0 left_arm=[-0.14354171  1.7678332   1.2984934  -0.67072684  0.38421696  0.7963433 ] left_ee=[0.000000e+00 1.437377e-07] right_arm=[-0.00164417 -0.12410502 -0.0359095  -0.05758344  0.06821276  0.01655367] right_ee=[0.04399656 0.04399524]
step=266 env=0 left_arm=[-0.1466337   1.7424238   1.2609154  -0.60653484  0.40323946  0.7599689 ] left_ee=[0.0000000e+00 1.6877524e-07] right_arm=[-0.0019902  -0.11719552 -0.03597412 -0.04924647  0.05795638  0.0173265 ] right_ee=[0.04399251 0.04399432]
step=267 env=0 left_arm=[-0.14993416  1.7347729   1.233852   -0.5698182   0.42305014  0.73736125] left_ee=[0. 0.] right_arm=[ 0.000916   -0.10754373 -0.03604785 -0.04999132  0.05173087  0.01590657] right_ee=[0.04399854 0.0439937 ]
step=268 env=0 left_arm=[-0.14966364  1.7218341   1.2255559  -0.549422    0.41822708  0.7146437 ] left_ee=[0.000000e+00 6.875069e-08] right_arm=[-0.00207359 -0.11314594 -0.03588168 -0.05629408  0.05475269  0.01664885] right_ee=[0.0439953  0.04398898]
step=269 env=0 left_arm=[-0.15375449  1.7106411   1.2063448  -0.51052845  0.42848396  0.6824299 ] left_ee=[0.0000000e+00 1.0142782e-07] right_arm=[ 0.00092622 -0.1021747  -0.03610989 -0.05421075  0.04433881  0.01410274] right_ee=[0.04398918 0.04399117]
step=270 env=0 left_arm=[-0.1578126   1.703121    1.192651   -0.4613633   0.45283252  0.6628266 ] left_ee=[4.6562388e-08 0.0000000e+00] right_arm=[ 0.00243947 -0.08911243 -0.03613722 -0.03596472  0.02095613  0.01894751] right_ee=[0.04399843 0.04398539]
step=271 env=0 left_arm=[-0.15448147  1.697807    1.184829   -0.4498615   0.45585343  0.6608845 ] left_ee=[0. 0.] right_arm=[-0.00117833 -0.10348396 -0.03602776 -0.05458745  0.02819093  0.01101855] right_ee=[0.04399195 0.04397671]
step=272 env=0 left_arm=[-0.1571754   1.6843095   1.1803553  -0.43681416  0.45206204  0.6412129 ] left_ee=[0. 0.] right_arm=[ 0.00295764 -0.07744604 -0.03267682 -0.03888783  0.01106918  0.02264386] right_ee=[0.04398277 0.04398671]
step=273 env=0 left_arm=[-0.15907152  1.6937795   1.1796486  -0.43182495  0.45800787  0.65026945] left_ee=[0. 0.] right_arm=[ 0.00889535 -0.05553733 -0.02636968 -0.02663447 -0.00362844  0.0226317 ] right_ee=[0.04399847 0.04398607]
step=274 env=0 left_arm=[-0.1670618   1.6616479   1.1436886  -0.35806847  0.471935    0.5841901 ] left_ee=[0.0000000e+00 7.0846454e-07] right_arm=[ 0.0079521  -0.05143203 -0.02429816 -0.03196889 -0.01397979  0.01035828] right_ee=[0.044      0.04398294]
step=275 env=0 left_arm=[-0.16714968  1.6543224   1.1399648  -0.36448428  0.44759208  0.5920012 ] left_ee=[0.0000000e+00 4.1927283e-08] right_arm=[ 0.00907227 -0.04314646 -0.01497681 -0.0198422  -0.02218984  0.01509065] right_ee=[0.044      0.04399158]
step=276 env=0 left_arm=[-0.16478994  1.6464267   1.1381527  -0.35809222  0.4465423   0.5924011 ] left_ee=[0. 0.] right_arm=[ 0.01095288 -0.03178233 -0.00509851 -0.01920431 -0.03860516  0.00953068] right_ee=[0.044      0.04398897]
step=277 env=0 left_arm=[-0.16459228  1.648012    1.1325065  -0.35586566  0.44433814  0.6026538 ] left_ee=[0. 0.] right_arm=[ 0.01516664 -0.00685518  0.00209985 -0.00169917 -0.05344931  0.0104832 ] right_ee=[0.044      0.04398799]
step=278 env=0 left_arm=[-0.17023511  1.6529653   1.1273044  -0.3368128   0.44691858  0.58093053] left_ee=[0.0000000e+00 3.7688007e-08] right_arm=[ 0.01916405  0.01432765  0.0106866   0.0021307  -0.07025198  0.00728659] right_ee=[0.044      0.04398712]
step=279 env=0 left_arm=[-0.1756783  1.6231408  1.0995998 -0.287185   0.4500823  0.5396726] left_ee=[0.0000000e+00 2.0976262e-07] right_arm=[ 0.02462765  0.03404224  0.01829659  0.00878368 -0.07550493  0.00946165] right_ee=[0.04399996 0.0439869 ]
step=280 env=0 left_arm=[-0.1847709   1.6275725   1.0864425  -0.24605973  0.47615987  0.5301845 ] left_ee=[1.6298858e-07 0.0000000e+00] right_arm=[ 0.0331612   0.08659858  0.04534774  0.04314644 -0.12580368  0.01010466] right_ee=[0.04393385 0.04392412]
step=281 env=0 left_arm=[-0.18873496  1.6097167   1.063936   -0.19774434  0.47984523  0.49760255] left_ee=[0.0000000e+00 1.1427913e-07] right_arm=[ 0.03712795  0.11036924  0.05649223  0.05914325 -0.13762492  0.0091759 ] right_ee=[0.04374315 0.04367782]
step=282 env=0 left_arm=[-0.19995333  1.6166998   1.072866   -0.16668011  0.49380955  0.475344  ] left_ee=[0.00014905 0.00012939] right_arm=[ 0.04847088  0.17648079  0.09257031  0.08515637 -0.19103675  0.01188518] right_ee=[0.04369169 0.04368623]
step=283 env=0 left_arm=[-0.20224369  1.6031504   1.0544307  -0.15073872  0.5079238   0.4702507 ] left_ee=[0.00023838 0.00021542] right_arm=[ 0.05139982  0.18653627  0.09886549  0.07986442 -0.19824263  0.01770647] right_ee=[0.04381787 0.04374573]
step=284 env=0 left_arm=[-0.2097165   1.5753859   1.0174317  -0.08887783  0.51308066  0.41475567] left_ee=[0.00054749 0.00054174] right_arm=[ 0.05574155  0.20755371  0.111398    0.09510983 -0.21398625  0.01339296] right_ee=[0.04374551 0.04371821]
step=285 env=0 left_arm=[-0.22772506  1.6077211   1.0293597  -0.03605824  0.5682645   0.40856603] left_ee=[0.00103303 0.00098442] right_arm=[ 0.08396834  0.35480967  0.18899333  0.18143377 -0.34095567  0.03113003] right_ee=[0.0436709  0.04373379]
step=286 env=0 left_arm=[-0.23050083  1.6229594   1.0356263  -0.00276709  0.59556556  0.40657872] left_ee=[0.0016806  0.00172696] right_arm=[ 0.10248566  0.44534886  0.24033934  0.23014817 -0.40946612  0.04192269] right_ee=[0.04327238 0.04318315]
step=287 env=0 left_arm=[-0.25482303  1.6315643   1.022134    0.09485704  0.66340655  0.35869518] left_ee=[0.0019825  0.00185359] right_arm=[ 0.13562289  0.6047349   0.31648728  0.3273846  -0.529083    0.05087314] right_ee=[0.04286489 0.04281796]
step=288 env=0 left_arm=[-0.26199377  1.619474    1.0021052   0.14307646  0.68891567  0.33029783] left_ee=[0.00188525 0.00191447] right_arm=[ 0.14720619  0.661911    0.34454218  0.34963784 -0.5678622   0.05084157] right_ee=[0.04257807 0.04247328]
step=289 env=0 left_arm=[-0.27414176  1.6123278   0.9810042   0.21048445  0.7409667   0.31096223] left_ee=[0.00204767 0.00202535] right_arm=[ 0.17560005  0.8163356   0.42289743  0.4383424  -0.68797415  0.06030308] right_ee=[0.0422892  0.04225174]
step=290 env=0 left_arm=[-0.29047444  1.5934753   0.9515973   0.3018645   0.7957362   0.27407974] left_ee=[0.00274149 0.00270594] right_arm=[ 0.20386124  0.9511494   0.4897862   0.53198755 -0.7853589   0.07721949] right_ee=[0.04169019 0.04164661]
step=291 env=0 left_arm=[-0.29950458  1.5844249   0.94189966  0.33199686  0.8087425   0.25595638] left_ee=[0.00315614 0.00323282] right_arm=[ 0.21415842  0.9958679   0.5158548   0.549899   -0.80700254  0.08109705] right_ee=[0.04045617 0.04042894]
step=292 env=0 left_arm=[-0.30958995  1.5624125   0.91201735  0.375676    0.8456703   0.22480528] left_ee=[0.00323434 0.00322824] right_arm=[ 0.22673927  1.0500609   0.5447517   0.5760068  -0.8536332   0.0852019 ] right_ee=[0.03990843 0.03990608]
step=293 env=0 left_arm=[-0.30401915  1.5350676   0.8793039   0.40709886  0.8492512   0.20604442] left_ee=[0.00365253 0.00375038] right_arm=[ 0.2380059   1.0840527   0.5664035   0.6034396  -0.8816831   0.08251876] right_ee=[0.03977471 0.03977776]
step=294 env=0 left_arm=[-0.31000617  1.5146095   0.85619307  0.45492923  0.8629544   0.17396095] left_ee=[0.00426997 0.00428945] right_arm=[ 0.24485408  1.1125425   0.58439547  0.6154818  -0.8918949   0.08446699] right_ee=[0.03930157 0.03927952]
step=295 env=0 left_arm=[-0.31019136  1.509492    0.8259755   0.4817991   0.88403183  0.16920246] left_ee=[0.00503972 0.00507815] right_arm=[ 0.25206417  1.1609578   0.6062198   0.6441931  -0.9303232   0.08356714] right_ee=[0.03908731 0.03907399]
step=296 env=0 left_arm=[-0.32377553  1.4803952   0.78945374  0.55665666  0.92412585  0.12422403] left_ee=[0.00466779 0.00461916] right_arm=[ 0.27399457  1.2402344   0.64187443  0.6896168  -0.9690248   0.08392731] right_ee=[0.03787334 0.03786051]
step=297 env=0 left_arm=[-0.3205315   1.4509981   0.75664294  0.5808673   0.91911465  0.10084265] left_ee=[0.00481167 0.00491198] right_arm=[ 0.27683693  1.2315876   0.6463219   0.69176745 -0.96004325  0.08287169] right_ee=[0.03712999 0.03718836]
step=298 env=0 left_arm=[-0.3205929   1.4005572   0.7105702   0.60826457  0.9130793   0.06815972] left_ee=[0.00523105 0.00524502] right_arm=[ 0.27994993  1.2418655   0.65076965  0.69762284 -0.9543274   0.07778017] right_ee=[0.03636219 0.03636215]
step=299 env=0 left_arm=[-0.31426132  1.3642225   0.68224525  0.62742496  0.90555096  0.05585717] left_ee=[0.00593087 0.0060033 ] right_arm=[ 0.28158408  1.2445817   0.65467644  0.70933694 -0.9534119   0.08212775] right_ee=[0.03584626 0.0358647 ]
step=300 env=0 left_arm=[-0.31286     1.3281876   0.63155806  0.65451026  0.90563     0.04259706] left_ee=[0.00658891 0.00659297] right_arm=[ 0.27964485  1.2368789   0.6375779   0.7269922  -0.9558459   0.08719023] right_ee=[0.0356869  0.03571149]
