step=1 env=0 left_arm=[-0.01458259 -0.06623799 -0.03639299  0.00391799 -0.01815721 -0.05626947] left_ee=[0.04381923 0.04379757] right_arm=[ 0.11268272  0.0743312   0.07732302 -0.06870104  0.03806497 -0.08443427] right_ee=[0.04313809 0.04317199]
step=2 env=0 left_arm=[-0.01554907 -0.08062802 -0.03629766  0.00574564 -0.02036185 -0.05796637] left_ee=[0.04372477 0.04373271] right_arm=[ 0.1333287   0.09481931  0.09256487 -0.08191888  0.04774326 -0.10319053] right_ee=[0.04289977 0.04276152]
step=3 env=0 left_arm=[-0.01510589 -0.08172014 -0.03627604  0.00678554 -0.02073642 -0.05166787] left_ee=[0.04377997 0.04378464] right_arm=[ 0.14749919  0.12677668  0.12037406 -0.10292641  0.05563425 -0.12381114] right_ee=[0.04281279 0.04273492]
step=4 env=0 left_arm=[-0.01568349 -0.08481394 -0.03624248  0.00704431 -0.02124529 -0.04148976] left_ee=[0.04387052 0.04387023] right_arm=[ 0.16714726  0.1866656   0.16369608 -0.12801889  0.05968087 -0.15218568] right_ee=[0.04299938 0.04296224]
step=5 env=0 left_arm=[-0.01737692 -0.07136582 -0.03635706  0.01093776 -0.01860139 -0.03370317] left_ee=[0.04392451 0.04392301] right_arm=[ 0.19701424  0.27989486  0.23188905 -0.18051976  0.06194191 -0.19424134] right_ee=[0.04341812 0.04338641]
step=6 env=0 left_arm=[-0.01605533 -0.06278937 -0.03640123  0.01187994 -0.01473888 -0.0240162 ] left_ee=[0.04395268 0.04395823] right_arm=[ 0.23268737  0.373578    0.31054762 -0.2288978   0.06595015 -0.24453719] right_ee=[0.04370062 0.04364857]
step=7 env=0 left_arm=[-0.01539918 -0.05366557 -0.03057207  0.01316572 -0.01375726 -0.01675957] left_ee=[0.04397165 0.04397514] right_arm=[ 0.274468    0.5059272   0.42344028 -0.30710146  0.07063051 -0.3091676 ] right_ee=[0.04388971 0.04382848]
step=8 env=0 left_arm=[-0.01391003 -0.05529248 -0.03594147  0.01152358 -0.01431905 -0.00636511] left_ee=[0.04398219 0.04398657] right_arm=[ 0.32623082  0.6574      0.5375079  -0.37493178  0.08409879 -0.37955108] right_ee=[0.044      0.04397151]
step=9 env=0 left_arm=[-0.01905177 -0.04312744 -0.0154606   0.01194786 -0.01681554 -0.0135681 ] left_ee=[0.0439939  0.04398784] right_arm=[ 0.37767395  0.8181956   0.65992737 -0.45033047  0.06796968 -0.44996446] right_ee=[0.044      0.04398331]
step=10 env=0 left_arm=[-0.01704533 -0.03872968 -0.01985342  0.01459461 -0.01736764 -0.00667557] left_ee=[0.04399057 0.04399779] right_arm=[ 0.41475347  0.9597431   0.7758839  -0.5317287   0.0838431  -0.53921723] right_ee=[0.044 0.044]
step=11 env=0 left_arm=[-0.01977238 -0.0380184  -0.00446785  0.01171782 -0.01472979 -0.00337172] left_ee=[0.04399576 0.04399287] right_arm=[ 0.48238587  1.1380107   0.9360761  -0.6491788   0.08786153 -0.64193434] right_ee=[0.044 0.044]
step=12 env=0 left_arm=[-0.02416786 -0.02543231 -0.00883107  0.01664641 -0.00951478  0.00730243] left_ee=[0.04399262 0.04399811] right_arm=[ 0.529408    1.3155118   1.0602009  -0.7382492   0.09241094 -0.73514354] right_ee=[0.044 0.044]
step=13 env=0 left_arm=[-0.02369189 -0.0219135  -0.0081388   0.02025685 -0.00449531 -0.00067472] left_ee=[0.04398949 0.04399937] right_arm=[ 0.5707456   1.468153    1.1941128  -0.8201606   0.10295678 -0.81806535] right_ee=[0.04394303 0.044     ]
step=14 env=0 left_arm=[-0.02033466 -0.02610741  0.0026856   0.01783094 -0.00034498  0.00394847] left_ee=[0.04399078 0.04399826] right_arm=[ 0.62148076  1.5865841   1.2916423  -0.8949572   0.10875355 -0.8816866 ] right_ee=[0.04395765 0.044     ]
step=15 env=0 left_arm=[-0.02476648 -0.02309223  0.00094023  0.01588047 -0.00089396  0.00453322] left_ee=[0.04399593 0.04399426] right_arm=[ 0.637788    1.6559083   1.3446934  -0.93187916  0.10258815 -0.92446005] right_ee=[0.04394419 0.044     ]
step=16 env=0 left_arm=[-0.02569332 -0.01372938  0.00035965  0.01871512  0.00554489 -0.00391275] left_ee=[0.04399526 0.04399921] right_arm=[ 0.6747516   1.783137    1.4334552  -0.9693329   0.10328846 -0.9669743 ] right_ee=[0.04390937 0.044     ]
step=17 env=0 left_arm=[-0.02657306 -0.02190821  0.00345051  0.01810908  0.0087007  -0.01254314] left_ee=[0.04399399 0.04399984] right_arm=[ 0.70175266  1.8352997   1.4729638  -0.9900431   0.09820016 -0.99153817] right_ee=[0.04393659 0.04398946]
step=18 env=0 left_arm=[-0.02863893 -0.02171028  0.00321103  0.02306424  0.01076395 -0.02613207] left_ee=[0.04399593 0.04399991] right_arm=[ 0.7477313   1.9443043   1.5529288  -1.0354847   0.09312312 -1.0481635 ] right_ee=[0.0417992  0.04203211]
step=19 env=0 left_arm=[-0.02617457 -0.00899713  0.00454999  0.02597838  0.01622182 -0.02331373] left_ee=[0.04399381 0.044     ] right_arm=[ 0.7472683   1.9642459   1.5876873  -1.0548618   0.10001909 -1.071009  ] right_ee=[0.04053789 0.04047532]
step=20 env=0 left_arm=[-0.02446639 -0.02394297 -0.00075898  0.03200199  0.0128806  -0.03165138] left_ee=[0.04399424 0.04399666] right_arm=[ 0.76059824  1.9507525   1.5860794  -1.0791489   0.10350352 -1.0881432 ] right_ee=[0.03797479 0.03806707]
step=21 env=0 left_arm=[-0.02273925 -0.03351282 -0.00578616  0.02752522  0.01024475 -0.02845813] left_ee=[0.04399795 0.04399646] right_arm=[ 0.76514477  1.9791335   1.577294   -1.0664513   0.0977715  -1.0869136 ] right_ee=[0.03603709 0.03611698]
step=22 env=0 left_arm=[-0.02307912 -0.03870009 -0.0057874   0.03517439  0.01208324 -0.03281499] left_ee=[0.04399812 0.0439942 ] right_arm=[ 0.7933205  2.0443778  1.6312602 -1.0839748  0.09637   -1.122917 ] right_ee=[0.0314028  0.03146777]
step=23 env=0 left_arm=[-0.02240387 -0.0403213  -0.01164366  0.03119938  0.01023809 -0.03394603] left_ee=[0.04399547 0.04399783] right_arm=[ 0.7933695   2.0681405   1.6362981  -1.093927    0.10449851 -1.1350747 ] right_ee=[0.02731578 0.02737353]
step=24 env=0 left_arm=[-0.01967277 -0.04006267 -0.00952583  0.04252718  0.00709268 -0.03858375] left_ee=[0.04399804 0.04399601] right_arm=[ 0.8080046   2.0572703   1.670875   -1.1232201   0.10806212 -1.1625568 ] right_ee=[0.02229996 0.02226006]
step=25 env=0 left_arm=[-0.02204386 -0.04536352 -0.00941974  0.03275169  0.00322822 -0.03527927] left_ee=[0.0439994  0.04399424] right_arm=[ 0.8010427   2.0828848   1.6620692  -1.112455    0.10573784 -1.1559438 ] right_ee=[0.01863261 0.01874978]
step=26 env=0 left_arm=[-0.01738721 -0.0449249  -0.00439575  0.04522387  0.00133851 -0.03390426] left_ee=[0.04399798 0.043995  ] right_arm=[ 0.81616163  2.0586975   1.6543704  -1.1056017   0.10015266 -1.1320342 ] right_ee=[0.01464492 0.01464802]
step=27 env=0 left_arm=[-0.02159288 -0.04257182 -0.01223908  0.0389814  -0.0024792  -0.03906285] left_ee=[0.0439985  0.04399268] right_arm=[ 0.8109437  2.0780952  1.672129  -1.112231   0.0974988 -1.1556855] right_ee=[0.01010368 0.01009949]
step=28 env=0 left_arm=[-0.02084146 -0.03826798 -0.00849935  0.03420232 -0.00384854 -0.03398068] left_ee=[0.04399783 0.04399814] right_arm=[ 0.81152785  2.0943716   1.6928214  -1.1269894   0.10682201 -1.160384  ] right_ee=[0.00740176 0.00740599]
step=29 env=0 left_arm=[-0.01878613 -0.04408335 -0.01104604  0.03815497 -0.0044187  -0.03309396] left_ee=[0.04399913 0.0439978 ] right_arm=[ 0.81832474  2.081039    1.6979319  -1.1303939   0.1089922  -1.1660335 ] right_ee=[0.00415931 0.00416449]
step=30 env=0 left_arm=[-0.01892666 -0.04358874 -0.01475215  0.03729248 -0.00708455 -0.03175676] left_ee=[0.0439996  0.04399791] right_arm=[ 0.81416965  2.099293    1.7177627  -1.1518931   0.11265627 -1.173881  ] right_ee=[0.00161975 0.00164193]
step=31 env=0 left_arm=[-0.01915601 -0.04490381 -0.01483077  0.04033408 -0.00609533 -0.03641757] left_ee=[0.04399893 0.04399712] right_arm=[ 0.81087977  2.0811768   1.7051475  -1.1522771   0.10843576 -1.1648084 ] right_ee=[0. 0.]
step=32 env=0 left_arm=[-0.02019233 -0.04159185 -0.0101389   0.03850799 -0.00636986 -0.03177973] left_ee=[0.04399911 0.04399874] right_arm=[ 0.8084175   2.0968976   1.7144494  -1.1440424   0.10727539 -1.1751502 ] right_ee=[0. 0.]
step=33 env=0 left_arm=[-0.0205073  -0.03308989 -0.00823805  0.03826727 -0.00754848 -0.03742337] left_ee=[0.04399842 0.04399935] right_arm=[ 0.81483847  2.0873325   1.6985509  -1.1202621   0.09570838 -1.1478552 ] right_ee=[5.195737e-08 0.000000e+00]
step=34 env=0 left_arm=[-0.01732412 -0.04707995 -0.00861622  0.03830834 -0.00870473 -0.0269538 ] left_ee=[0.04399898 0.04399661] right_arm=[ 0.8082929   2.0787094   1.716125   -1.149317    0.11390168 -1.1710396 ] right_ee=[0. 0.]
step=35 env=0 left_arm=[-0.01873393 -0.04145273 -0.01004383  0.03718082 -0.00893794 -0.02838677] left_ee=[0.04399886 0.04399486] right_arm=[ 0.8166176   2.0955358   1.7419175  -1.1657557   0.10661737 -1.1719741 ] right_ee=[0. 0.]
step=36 env=0 left_arm=[-0.01642573 -0.04399584 -0.01115529  0.03539133 -0.01162992 -0.02807865] left_ee=[0.04399645 0.04399623] right_arm=[ 0.8129435   2.0765574   1.7330285  -1.1615471   0.10518118 -1.1672776 ] right_ee=[0. 0.]
step=37 env=0 left_arm=[-0.01638845 -0.04761648 -0.01724722  0.0277085  -0.01467059 -0.02271035] left_ee=[0.04399903 0.04399574] right_arm=[ 0.8176516   2.0945537   1.7603098  -1.1777908   0.11212358 -1.1920887 ] right_ee=[0. 0.]
step=38 env=0 left_arm=[-0.01731478 -0.04436523 -0.01150662  0.039731   -0.00809341 -0.02358631] left_ee=[0.04399478 0.04399376] right_arm=[ 0.8151494   2.094492    1.7706636  -1.1889236   0.11558292 -1.1920676 ] right_ee=[0. 0.]
step=39 env=0 left_arm=[-0.01886777 -0.03919656 -0.00994263  0.03348513 -0.00884116 -0.02229271] left_ee=[0.0439921  0.04399928] right_arm=[ 0.80523795  2.0905466   1.7834238  -1.2145393   0.11975732 -1.1973952 ] right_ee=[0. 0.]
step=40 env=0 left_arm=[-0.01855362 -0.04480412 -0.0149395   0.0238879  -0.01527441 -0.0191826 ] left_ee=[0.0439924  0.04399586] right_arm=[ 0.8029728   2.0869868   1.7783617  -1.2125369   0.12544489 -1.2091972 ] right_ee=[0. 0.]
step=41 env=0 left_arm=[-0.02044352 -0.04280176 -0.01609487  0.02403214 -0.0123411  -0.00817268] left_ee=[0.04399659 0.04399158] right_arm=[ 0.80782837  2.0965512   1.7781703  -1.201611    0.12562257 -1.1891012 ] right_ee=[0. 0.]
step=42 env=0 left_arm=[-0.02242262 -0.03585419 -0.01658959  0.02628866 -0.01334656 -0.01453725] left_ee=[0.04399572 0.04399886] right_arm=[ 0.8041431   2.094298    1.7955776  -1.21767     0.11954527 -1.1854327 ] right_ee=[0. 0.]
step=43 env=0 left_arm=[-0.02057264 -0.04236434 -0.02165759  0.02451065 -0.01539228 -0.01916379] left_ee=[0.04399458 0.04399691] right_arm=[ 0.8016926   2.0814621   1.8006659  -1.2352308   0.11801469 -1.1959839 ] right_ee=[0. 0.]
step=44 env=0 left_arm=[-0.02172882 -0.04233642 -0.01439243  0.0348183  -0.01103507 -0.01785558] left_ee=[0.04399597 0.04399245] right_arm=[ 0.79996854  2.0792596   1.8267205  -1.2773036   0.12866284 -1.2099086 ] right_ee=[0. 0.]
step=45 env=0 left_arm=[-0.02043794 -0.0345091  -0.0102298   0.03136131 -0.01162099 -0.02110553] left_ee=[0.04399272 0.04399801] right_arm=[ 0.79814     2.0657127   1.8094357  -1.239294    0.11523169 -1.192106  ] right_ee=[0. 0.]
step=46 env=0 left_arm=[-0.02209441 -0.03750414 -0.01757837  0.02842744 -0.01132365 -0.01516487] left_ee=[0.04399785 0.04399592] right_arm=[ 0.78601956  2.0620658   1.8183056  -1.2552105   0.11643704 -1.2057054 ] right_ee=[0. 0.]
step=47 env=0 left_arm=[-0.02218241 -0.04038697 -0.02834059  0.0304369  -0.01043171 -0.01611257] left_ee=[0.04399716 0.04399962] right_arm=[ 0.7829136   2.048852    1.8343028  -1.2771049   0.11232554 -1.2227409 ] right_ee=[0. 0.]
step=48 env=0 left_arm=[-0.02323827 -0.04209143 -0.02050702  0.02593546 -0.01247565 -0.01168233] left_ee=[0.04399874 0.04399886] right_arm=[ 0.78425413  2.041611    1.820134   -1.2503713   0.11241177 -1.2098324 ] right_ee=[0. 0.]
step=49 env=0 left_arm=[-0.02119545 -0.04404047 -0.02955548  0.03074324 -0.01133271 -0.00290521] left_ee=[0.04399825 0.04399889] right_arm=[ 0.76796204  2.0354016   1.8135585  -1.2289218   0.10056878 -1.2151837 ] right_ee=[0. 0.]
step=50 env=0 left_arm=[-0.01944479 -0.04834904 -0.04347547  0.02834076 -0.01615286  0.0028422 ] left_ee=[0.04399827 0.04399577] right_arm=[ 0.75240344  2.0121899   1.7902395  -1.2027615   0.07993898 -1.1992761 ] right_ee=[1.954707e-07 0.000000e+00]
step=51 env=0 left_arm=[-0.00883758  0.00180337  0.0001699   0.01134426  0.01292899 -0.00371779] left_ee=[0.04399329 0.0439938 ] right_arm=[ 0.7176225   1.9915453   1.7413533  -1.3217579   0.13912189 -1.0057763 ] right_ee=[0.00313725 0.0034706 ]
step=52 env=0 left_arm=[-0.01116503  0.01757189  0.01771568  0.00190292  0.01933833 -0.00925626] left_ee=[0.04399384 0.04399922] right_arm=[ 0.71054256  1.9941379   1.7642351  -1.3522049   0.13559957 -0.8584299 ] right_ee=[0.00528255 0.00520907]
step=53 env=0 left_arm=[-0.01439683  0.0196627   0.03026189 -0.00194687  0.02204848 -0.01041733] left_ee=[0.04399316 0.04399883] right_arm=[ 0.7014517  2.0123465  1.7856882 -1.3693968  0.1241063 -0.846277 ] right_ee=[0.00632704 0.00628519]
step=54 env=0 left_arm=[-0.01593065  0.02313961  0.04291851 -0.00491789  0.02017199 -0.01376381] left_ee=[0.04399162 0.04399839] right_arm=[ 0.69443345  2.0245378   1.806997   -1.369571    0.09677085 -0.8389422 ] right_ee=[0.0064795  0.00645292]
step=55 env=0 left_arm=[-0.0145183  -0.00362729  0.03729914 -0.0034707   0.00853932 -0.01920934] left_ee=[0.04399125 0.04399218] right_arm=[ 0.6758156   2.00823     1.7586839  -1.2944845   0.04361742 -0.81727654] right_ee=[0.00579313 0.00576265]
step=56 env=0 left_arm=[-0.01958264  0.00464361  0.04599987  0.00091212  0.00915409 -0.01697426] left_ee=[0.04399455 0.04398456] right_arm=[ 0.64447916  2.0008018   1.7388877  -1.236762   -0.00427397 -0.8111654 ] right_ee=[0.00516949 0.00505012]
step=57 env=0 left_arm=[-0.02072666  0.00455459  0.04074635  0.01124693  0.01429523 -0.01834516] left_ee=[0.04399313 0.04399682] right_arm=[ 0.61434424  1.9965934   1.6916822  -1.1537983  -0.06215907 -0.7822408 ] right_ee=[0.00468059 0.00464564]
step=58 env=0 left_arm=[-0.01519058 -0.01396824  0.03277311  0.01123841  0.00423842 -0.02778275] left_ee=[0.04398746 0.04398907] right_arm=[ 0.5947104   1.9752995   1.6461798  -1.0467498  -0.13552119 -0.7519719 ] right_ee=[0.00319942 0.00316855]
step=59 env=0 left_arm=[-0.01726641 -0.01011652  0.02582326  0.02475712  0.00687345 -0.02522976] left_ee=[0.04399564 0.043981  ] right_arm=[ 0.55819696  1.9324082   1.5736791  -0.90025795 -0.21656622 -0.7128328 ] right_ee=[0.00265019 0.00251154]
step=60 env=0 left_arm=[-0.01158099 -0.01339003  0.01186084  0.03378256  0.00301301 -0.03217384] left_ee=[0.04398974 0.04399203] right_arm=[ 0.5145112   1.8962092   1.4703431  -0.7214291  -0.32241964 -0.6642987 ] right_ee=[0.00196441 0.00171218]
step=61 env=0 left_arm=[-0.01256621 -0.02164365  0.00235701  0.03887217 -0.00258463 -0.03863826] left_ee=[0.0439986  0.04398806] right_arm=[ 0.47909704  1.8673921   1.4082168  -0.5715469  -0.4175523  -0.63070023] right_ee=[0.0009262  0.00084065]
step=62 env=0 left_arm=[-0.00706071 -0.03105053 -0.00308926  0.03996087 -0.01036467 -0.04047678] left_ee=[0.04398115 0.04397909] right_arm=[ 0.44673428  1.8324249   1.3197888  -0.40195814 -0.50247127 -0.5765738 ] right_ee=[1.3355791e-06 0.0000000e+00]
step=63 env=0 left_arm=[-0.00581583 -0.02441007 -0.00900396  0.04639643 -0.01265141 -0.04384409] left_ee=[0.04392159 0.043905  ] right_arm=[ 0.41413262  1.8025559   1.2652158  -0.28885025 -0.5693293  -0.5657934 ] right_ee=[0.0000000e+00 5.9652893e-07]
step=64 env=0 left_arm=[-0.00445266 -0.03025445 -0.02147229  0.0466521  -0.02356394 -0.04987682] left_ee=[0.04359126 0.04358793] right_arm=[ 0.38669488  1.7621903   1.1893836  -0.14268176 -0.6559223  -0.5091401 ] right_ee=[0. 0.]
step=65 env=0 left_arm=[-0.00330584 -0.02410272 -0.0162812   0.04249342 -0.02709405 -0.04118849] left_ee=[0.04338931 0.04337262] right_arm=[ 0.3698541   1.7330376   1.144971   -0.04717429 -0.7078928  -0.48923907] right_ee=[0.0000000e+00 7.4153695e-07]
step=66 env=0 left_arm=[-0.00255214 -0.02330651 -0.01176644  0.04746105 -0.0192212  -0.04197395] left_ee=[0.04326373 0.04324694] right_arm=[ 0.35757324  1.7231872   1.1241924   0.00639069 -0.73608756 -0.4742141 ] right_ee=[0. 0.]
step=67 env=0 left_arm=[-0.00142034 -0.02475499 -0.02197364  0.04803985 -0.03617612 -0.04335785] left_ee=[0.04285815 0.04287244] right_arm=[ 0.32039282  1.6823176   1.0273374   0.18074319 -0.852739   -0.40715474] right_ee=[0.0000000e+00 6.8506813e-07]
step=68 env=0 left_arm=[ 0.0011149  -0.02847458 -0.02230958  0.04755798 -0.04175823 -0.04279754] left_ee=[0.0426862  0.04267364] right_arm=[ 0.31241068  1.6643078   1.0026766   0.2386222  -0.88096887 -0.40148318] right_ee=[0.0000000e+00 3.2904197e-07]
step=69 env=0 left_arm=[-0.00032782 -0.02882782 -0.02801951  0.05264534 -0.03903675 -0.04685255] left_ee=[0.04256083 0.04254277] right_arm=[ 0.30045083  1.652103    0.9611637   0.3275487  -0.943507   -0.36136484] right_ee=[0. 0.]
step=70 env=0 left_arm=[ 0.00036515 -0.02691095 -0.02755948  0.05408526 -0.03912534 -0.04548872] left_ee=[0.04230014 0.04229883] right_arm=[ 0.3021355   1.6383175   0.9509952   0.3412498  -0.93173987 -0.35062522] right_ee=[0. 0.]
step=71 env=0 left_arm=[ 0.00212818 -0.03015942 -0.02940141  0.04415483 -0.04640204 -0.04654782] left_ee=[0.04224042 0.0422451 ] right_arm=[ 0.30023685  1.6288787   0.93247116  0.3678188  -0.94659674 -0.34113944] right_ee=[0. 0.]
step=72 env=0 left_arm=[-0.00254141 -0.01657797 -0.0205382   0.05505466 -0.03417198 -0.04228058] left_ee=[0.0420835  0.04205888] right_arm=[ 0.30162117  1.628316    0.929281    0.39759624 -0.96201646 -0.32593566] right_ee=[0. 0.]
step=73 env=0 left_arm=[-0.00058554 -0.02171624 -0.02171156  0.04706749 -0.03904223 -0.04761532] left_ee=[0.0420469  0.04206706] right_arm=[ 0.3001559   1.6311953   0.9257474   0.41064423 -0.9772339  -0.31774706] right_ee=[0. 0.]
step=74 env=0 left_arm=[-0.00104677 -0.01899922 -0.02187146  0.05282378 -0.03417544 -0.0431872 ] left_ee=[0.04209531 0.04208992] right_arm=[ 0.29980135  1.6228476   0.915688    0.43948764 -0.98959124 -0.30958378] right_ee=[0. 0.]
step=75 env=0 left_arm=[-0.00053886 -0.02284585 -0.02646397  0.05172486 -0.0422805  -0.04533279] left_ee=[0.04211588 0.04212591] right_arm=[ 0.29929176  1.6141669   0.90781957  0.4471388  -0.988972   -0.29881063] right_ee=[0. 0.]
step=76 env=0 left_arm=[-0.00021202 -0.0162408  -0.02480781  0.05235426 -0.0346154  -0.04143834] left_ee=[0.04227072 0.04226032] right_arm=[ 0.3014534   1.6088105   0.91392034  0.43091863 -0.97618645 -0.31516156] right_ee=[0. 0.]
step=77 env=0 left_arm=[-0.00088458 -0.01316477 -0.02352323  0.05751505 -0.02978214 -0.04322894] left_ee=[0.04240432 0.04240462] right_arm=[ 0.2951991   1.6123616   0.9087422   0.44334942 -0.9845141  -0.30481213] right_ee=[0. 0.]
step=78 env=0 left_arm=[-0.00069536 -0.00865934 -0.02582016  0.05703884 -0.02529409 -0.04131912] left_ee=[0.04258274 0.0425893 ] right_arm=[ 0.29446423  1.6078756   0.8993466   0.47227964 -0.9991496  -0.28909263] right_ee=[0. 0.]
step=79 env=0 left_arm=[-0.00458475  0.0078139  -0.0146748   0.05949831 -0.01679439 -0.03499158] left_ee=[0.04260498 0.0426011 ] right_arm=[ 0.30250368  1.6129878   0.921435    0.44291204 -0.97158366 -0.30795002] right_ee=[0. 0.]
step=80 env=0 left_arm=[-0.00829651  0.02789028 -0.0039465   0.06786762  0.00401814 -0.03254261] left_ee=[0.04273414 0.04273502] right_arm=[ 0.30164933  1.6111832   0.90543944  0.47106346 -0.9890465  -0.28132093] right_ee=[0. 0.]
step=81 env=0 left_arm=[-0.00897847  0.04941309  0.00507082  0.07687313  0.01939289 -0.02311492] left_ee=[0.04295003 0.04297322] right_arm=[ 0.3013035   1.6082828   0.90349317  0.49019197 -0.9944977  -0.2716225 ] right_ee=[0. 0.]
step=82 env=0 left_arm=[-0.01793765  0.08550679  0.03125491  0.08517785  0.04725108 -0.01028557] left_ee=[0.04306321 0.04306443] right_arm=[ 0.31009912  1.6128156   0.90513384  0.5047167  -0.9870126  -0.27082193] right_ee=[0. 0.]
step=83 env=0 left_arm=[-0.03295639  0.16307303  0.0743691   0.1064697   0.10933232  0.01095743] left_ee=[0.04328939 0.0432888 ] right_arm=[ 0.30529666  1.614755    0.9135489   0.4958376  -0.9780214  -0.2835361 ] right_ee=[0. 0.]
step=84 env=0 left_arm=[-2.9287210e-02  1.3952702e-01  5.2466385e-02  9.5395662e-02
  8.0571376e-02 -6.7598512e-06] left_ee=[0.04331252 0.04342211] right_arm=[ 0.31050518  1.6079023   0.8915924   0.51446784 -0.98239857 -0.257898  ] right_ee=[0. 0.]
step=85 env=0 left_arm=[-0.06367217  0.3049083   0.15752313  0.15920596  0.219148    0.03834201] left_ee=[0.04369086 0.04356635] right_arm=[ 0.31396812  1.6207675   0.9085861   0.52442867 -0.9801184  -0.2552336 ] right_ee=[0. 0.]
step=86 env=0 left_arm=[-0.08341227  0.4286276   0.2174892   0.19008608  0.30785966  0.06667612] left_ee=[0.04380742 0.04388588] right_arm=[ 0.31285635  1.6179944   0.9134281   0.5418899  -0.9763488  -0.24542482] right_ee=[0. 0.]
step=87 env=0 left_arm=[-0.12006447  0.57539886  0.29403874  0.23521137  0.418673    0.09533446] left_ee=[0.04394409 0.04399772] right_arm=[ 0.32423684  1.6341186   0.9218757   0.5425924  -0.97194093 -0.24374245] right_ee=[0. 0.]
step=88 env=0 left_arm=[-0.13277282  0.65477556  0.32970822  0.2567358   0.47624165  0.10859773] left_ee=[0.0439445 0.044    ] right_arm=[ 0.32463247  1.6301574   0.9097309   0.5537243  -0.97769314 -0.22042207] right_ee=[0. 0.]
step=89 env=0 left_arm=[-0.16368192  0.80041957  0.40965137  0.30037948  0.59450537  0.13671929] left_ee=[0.043981 0.044   ] right_arm=[ 0.32839984  1.6303527   0.9076024   0.57339674 -0.992544   -0.19469377] right_ee=[0. 0.]
step=90 env=0 left_arm=[-0.18292959  0.91783386  0.46389112  0.3334719   0.6730965   0.16323546] left_ee=[0.044 0.044] right_arm=[ 0.3265364   1.6327928   0.90285385  0.56841457 -0.9811013  -0.18538156] right_ee=[0. 0.]
step=91 env=0 left_arm=[-0.20200673  0.98401105  0.49871752  0.35542756  0.7288176   0.17971872] left_ee=[0.0439905 0.044    ] right_arm=[ 0.32722297  1.6377391   0.8914233   0.59082365 -0.9868231  -0.16451548] right_ee=[0. 0.]
step=92 env=0 left_arm=[-0.21839103  1.0652004   0.54462     0.36844754  0.7950814   0.18068981] left_ee=[0.044 0.044] right_arm=[ 0.32919884  1.629264    0.87709033  0.6248365  -1.0086542  -0.14700782] right_ee=[0. 0.]
step=93 env=0 left_arm=[-0.22599174  1.1281673   0.5801372   0.369249    0.83045846  0.21132456] left_ee=[0.04399836 0.04398847] right_arm=[ 0.3279702   1.6213675   0.8771547   0.6173424  -1.0029851  -0.15674357] right_ee=[0. 0.]
step=94 env=0 left_arm=[-0.22252077  1.109068    0.57011515  0.36325988  0.8090419   0.21707526] left_ee=[0.04399975 0.04397955] right_arm=[ 0.3229574   1.6036857   0.85887456  0.61194444 -0.9891431  -0.15144737] right_ee=[0. 0.]
step=95 env=0 left_arm=[-0.24653667  1.2094274   0.6267797   0.3797855   0.8907433   0.24026005] left_ee=[0.044 0.044] right_arm=[ 0.32160112  1.6113712   0.8519452   0.65308666 -1.017638   -0.1315447 ] right_ee=[0. 0.]
step=96 env=0 left_arm=[-0.2582638   1.2460763   0.64293665  0.4036367   0.92041254  0.25260007] left_ee=[0.044 0.044] right_arm=[ 0.32423615  1.6023554   0.83350646  0.6879611  -1.0242232  -0.09761701] right_ee=[0. 0.]
step=97 env=0 left_arm=[-0.26634872  1.2738186   0.65853447  0.41869438  0.94407773  0.25234908] left_ee=[0.04374091 0.04374632] right_arm=[ 0.32082468  1.5771043   0.81825227  0.708699   -1.0274693  -0.0712595 ] right_ee=[0.0000000e+00 3.8583114e-08]
step=98 env=0 left_arm=[-0.27804238  1.3091569   0.67230856  0.42011273  0.96854115  0.24971059] left_ee=[0.04320323 0.04318832] right_arm=[ 0.32123113  1.5703568   0.80592114  0.73011017 -1.025941   -0.04887864] right_ee=[0. 0.]
step=99 env=0 left_arm=[-0.26534447  1.2818311   0.6610062   0.40418136  0.9373274   0.27132085] left_ee=[0.04260947 0.04262486] right_arm=[ 0.30404973  1.522293    0.7913144   0.70584655 -1.0082673  -0.0502091 ] right_ee=[0.00084444 0.00083021]
step=100 env=0 left_arm=[-0.27222398  1.3116223   0.67383933  0.39639762  0.9498982   0.27866092] left_ee=[0.04210253 0.04207901] right_arm=[ 0.30031276  1.492984    0.7414731   0.7543781  -1.0193738  -0.00786643] right_ee=[0.00116125 0.00122245]
step=101 env=0 left_arm=[-0.1860523   1.4957021   0.86623245  0.19786756  0.83128023  0.47802365] left_ee=[0.0327007  0.03346163] right_arm=[ 0.2494566   1.2993579   0.5549336   0.5700537  -0.840208   -0.01806716] right_ee=[0.00957538 0.00988991]
step=102 env=0 left_arm=[-0.14517024  1.56818     1.0476551   0.00253037  0.7577366   0.67508835] left_ee=[0.02476967 0.02480002] right_arm=[ 0.22429141  1.1060826   0.41077402  0.47293252 -0.74769104 -0.02452847] right_ee=[0.01750312 0.01787985]
step=103 env=0 left_arm=[-0.11019166  1.5737889   1.1415168  -0.18854605  0.67851555  0.86689377] left_ee=[0.01750504 0.01724533] right_arm=[ 0.20768127  0.91872185  0.37668806  0.41553432 -0.6796687  -0.02956197] right_ee=[0.02461513 0.02489743]
step=104 env=0 left_arm=[-0.06871784  1.568568    1.1894141  -0.37922186  0.5693118   1.0392838 ] left_ee=[0.01223228 0.01195735] right_arm=[ 0.18211566  0.74009204  0.34885982  0.34364483 -0.5941788  -0.05027053] right_ee=[0.0299254  0.03013362]
step=105 env=0 left_arm=[-0.03531966  1.501925    1.1599988  -0.5294305   0.48641363  1.0737648 ] left_ee=[0.00912032 0.00890545] right_arm=[ 0.16141917  0.6328495   0.30917045  0.29527324 -0.51996344 -0.05546324] right_ee=[0.03339538 0.03346395]
step=106 env=0 left_arm=[ 0.0064687   1.5021883   1.1973331  -0.6795863   0.37514824  1.1885295 ] left_ee=[0.00703479 0.00714555] right_arm=[ 0.12899975  0.5184599   0.26116857  0.21555072 -0.41890818 -0.07749194] right_ee=[0.03594247 0.03599662]
step=107 env=0 left_arm=[ 0.04533123  1.4843377   1.2073067  -0.78037685  0.288021    1.2578768 ] left_ee=[0.00666263 0.00672792] right_arm=[ 0.10607698  0.43194386  0.22652188  0.1508498  -0.34128    -0.0850544 ] right_ee=[0.03789293 0.03800369]
step=108 env=0 left_arm=[ 0.07398152  1.4948363   1.2655394  -0.9079297   0.19950426  1.3468138 ] left_ee=[0.00529306 0.00544392] right_arm=[ 0.08719873  0.37272727  0.20563278  0.0765205  -0.27692595 -0.12314379] right_ee=[0.03899154 0.03909584]
step=109 env=0 left_arm=[ 0.09485978  1.4870446   1.2703905  -0.96134615  0.15787904  1.385941  ] left_ee=[0.005093   0.00512898] right_arm=[ 0.08024193  0.33841595  0.19414231  0.04312839 -0.24419864 -0.13334402] right_ee=[0.03965414 0.03976176]
step=110 env=0 left_arm=[ 0.11682724  1.4902116   1.2944292  -1.0337476   0.10614824  1.444075  ] left_ee=[0.00439761 0.00447448] right_arm=[ 0.06198562  0.28315464  0.1660633   0.00252578 -0.19145332 -0.14436926] right_ee=[0.03987563 0.03992918]
step=111 env=0 left_arm=[ 0.15806478  1.534238    1.3588872  -1.1467165   0.04633388  1.5485724 ] left_ee=[0.00308188 0.00318897] right_arm=[ 0.04378927  0.18670364  0.12133403 -0.0549468  -0.12168223 -0.15768157] right_ee=[0.040081   0.04015239]
step=112 env=0 left_arm=[ 0.17343026  1.5093989   1.3407285  -1.1459299   0.01561162  1.5662367 ] left_ee=[0.0016745  0.00171731] right_arm=[ 0.03446592  0.16577543  0.10529071 -0.06927915 -0.09030698 -0.16238292] right_ee=[0.03991309 0.04000866]
step=113 env=0 left_arm=[ 0.20609224  1.5364878   1.3799804  -1.2205337  -0.01786887  1.6539906 ] left_ee=[0.00051684 0.00057916] right_arm=[ 0.01737346  0.10795459  0.08192232 -0.09996918 -0.04687029 -0.16935124] right_ee=[0.03976776 0.0398216 ]
step=114 env=0 left_arm=[ 0.21395993  1.5323347   1.3963575  -1.2458456  -0.02575115  1.667772  ] left_ee=[0. 0.] right_arm=[ 0.01664132  0.09588663  0.07780889 -0.1103437  -0.0333815  -0.17307281] right_ee=[0.03944242 0.03952681]
step=115 env=0 left_arm=[ 0.22400779  1.5240896   1.3863504  -1.239469   -0.03428023  1.6671064 ] left_ee=[0. 0.] right_arm=[ 0.0131745   0.08351774  0.07563429 -0.12130402 -0.02795932 -0.17554331] right_ee=[0.03943208 0.03947292]
step=116 env=0 left_arm=[ 0.22874302  1.525161    1.382467   -1.242853   -0.03174639  1.6739379 ] left_ee=[0. 0.] right_arm=[ 0.01136165  0.0848396   0.07511795 -0.11429339 -0.02711677 -0.17438285] right_ee=[0.03919504 0.0392178 ]
step=117 env=0 left_arm=[ 0.23238716  1.5243142   1.3719594  -1.2337801  -0.03293878  1.6731173 ] left_ee=[0. 0.] right_arm=[ 0.00964555  0.08669094  0.08280295 -0.12458641 -0.02436913 -0.18645649] right_ee=[0.03913916 0.03914714]
step=118 env=0 left_arm=[ 0.23386951  1.5247444   1.3771738  -1.2425036  -0.03213413  1.6680288 ] left_ee=[0. 0.] right_arm=[ 0.0083389   0.08630102  0.08345589 -0.13372107 -0.02225133 -0.19308451] right_ee=[0.03912079 0.03913294]
step=119 env=0 left_arm=[ 0.23766425  1.5121311   1.3514804  -1.2184575  -0.02943507  1.6529388 ] left_ee=[0.00087559 0.00085101] right_arm=[ 0.00567862  0.09396564  0.09239302 -0.14433683 -0.0214115  -0.21129343] right_ee=[0.03920322 0.03920272]
step=120 env=0 left_arm=[ 0.23304974  1.5078142   1.3461552  -1.2122593  -0.02691205  1.653829  ] left_ee=[0.00229834 0.00231133] right_arm=[ 0.00351089  0.09128694  0.09286536 -0.147243   -0.01607023 -0.21754694] right_ee=[0.03932893 0.03933146]
step=121 env=0 left_arm=[ 0.23621762  1.5176588   1.35006    -1.2195594  -0.02662825  1.660979  ] left_ee=[0.00243945 0.0024425 ] right_arm=[ 0.00436436  0.09027766  0.08863296 -0.14096573 -0.01891846 -0.21182127] right_ee=[0.03920158 0.03921749]
step=122 env=0 left_arm=[ 0.2343399   1.4993984   1.3323452  -1.203604   -0.02322196  1.645531  ] left_ee=[0.0041213  0.00410811] right_arm=[ 0.00174721  0.09691166  0.09796313 -0.15139002 -0.01442665 -0.22632147] right_ee=[0.03927752 0.03926753]
step=123 env=0 left_arm=[ 0.23458888  1.5001059   1.3262936  -1.2001328  -0.02412219  1.6465297 ] left_ee=[0.00490538 0.00490885] right_arm=[ 9.8105302e-05  9.3956985e-02  9.2066228e-02 -1.4247309e-01
 -1.2883562e-02 -2.2144014e-01] right_ee=[0.03912111 0.03913047]
step=124 env=0 left_arm=[ 0.23580964  1.5151229   1.3227335  -1.1942062  -0.02555008  1.6399888 ] left_ee=[0.00680827 0.00680985] right_arm=[-0.00022762  0.09430292  0.09569439 -0.1498955  -0.0160459  -0.22260314] right_ee=[0.03942717 0.03943376]
step=125 env=0 left_arm=[ 0.22490366  1.4832314   1.2858343  -1.1607211  -0.01519913  1.6143408 ] left_ee=[0.00976922 0.00973047] right_arm=[-1.1318106e-04  1.0974668e-01  1.0264362e-01 -1.5688653e-01
 -1.1290657e-02 -2.4636185e-01] right_ee=[0.03949544 0.03949293]
step=126 env=0 left_arm=[ 0.23363732  1.5255293   1.3017443  -1.1797346  -0.01868703  1.632849  ] left_ee=[0.01135024 0.01135996] right_arm=[ 7.3361160e-05  9.6549280e-02  9.8456189e-02 -1.4871739e-01
 -1.9125380e-02 -2.2633930e-01] right_ee=[0.03983524 0.0398342 ]
step=127 env=0 left_arm=[ 0.23007879  1.5120853   1.2877531  -1.1631479  -0.01633027  1.6121374 ] left_ee=[0.01283253 0.0125638 ] right_arm=[ 1.5148878e-04  1.0335330e-01  9.9481679e-02 -1.5149759e-01
 -1.7578285e-02 -2.3254256e-01] right_ee=[0.03998905 0.03998636]
step=128 env=0 left_arm=[ 0.22701713  1.5158333   1.2902361  -1.1640512  -0.01561778  1.5963161 ] left_ee=[0.01521634 0.01325609] right_arm=[ 0.00068485  0.1131894   0.10988186 -0.15995729 -0.01964155 -0.23947395] right_ee=[0.04021745 0.0402105 ]
step=129 env=0 left_arm=[ 0.21848312  1.4791582   1.2574894  -1.1404022  -0.00765502  1.5629492 ] left_ee=[0.01794228 0.01628041] right_arm=[ 0.00106222  0.1145716   0.11065736 -0.16120139 -0.01819463 -0.24670789] right_ee=[0.04044971 0.04044808]
step=130 env=0 left_arm=[ 0.2103428   1.4697165   1.246838   -1.1296355  -0.00576881  1.531682  ] left_ee=[0.02097687 0.01797917] right_arm=[-0.0017664   0.1278227   0.12492521 -0.1692713  -0.01880046 -0.27074116] right_ee=[0.04092545 0.04091208]
step=131 env=0 left_arm=[ 0.209838   1.4683341  1.248938  -1.127535  -0.0061647  1.5419284] left_ee=[0.02297165 0.02165429] right_arm=[ 0.00085266  0.11976359  0.1196645  -0.1721934  -0.01667706 -0.26505458] right_ee=[0.04098791 0.04100404]
step=132 env=0 left_arm=[ 0.20495622  1.4435581   1.2251004  -1.1120932  -0.00954449  1.5111889 ] left_ee=[0.02492697 0.02436758] right_arm=[-0.0011165   0.118477    0.11866435 -0.15877819 -0.02173587 -0.257107  ] right_ee=[0.04125902 0.04125085]
step=133 env=0 left_arm=[ 0.20414747  1.4452881   1.2262201  -1.1124849  -0.01112351  1.5089594 ] left_ee=[0.02687269 0.02546036] right_arm=[-0.00153985  0.10350356  0.11470743 -0.1638073  -0.01963042 -0.2477555 ] right_ee=[0.04160922 0.04160969]
step=134 env=0 left_arm=[ 0.19343184  1.4073277   1.1939987  -1.0900366  -0.00803407  1.4577895 ] left_ee=[0.02898938 0.02821164] right_arm=[-0.00207803  0.10769538  0.11703483 -0.1681612  -0.01871356 -0.24900602] right_ee=[0.04189469 0.04189688]
step=135 env=0 left_arm=[ 0.19569078  1.390843    1.1783684  -1.0828751  -0.01104457  1.4454738 ] left_ee=[0.03037658 0.03010159] right_arm=[-0.00268602  0.11348194  0.12237513 -0.16782176 -0.02116347 -0.25615352] right_ee=[0.04227142 0.04226861]
step=136 env=0 left_arm=[ 0.18979582  1.3386172   1.1485724  -1.0472999  -0.00792267  1.4117016 ] left_ee=[0.03196961 0.03188726] right_arm=[-0.00157998  0.09357739  0.11378609 -0.16756402 -0.01560855 -0.23926689] right_ee=[0.04268034 0.04268245]
step=137 env=0 left_arm=[ 0.18332644  1.2907721   1.1025014  -1.0194948  -0.01689365  1.3458071 ] left_ee=[0.03286666 0.03278466] right_arm=[-0.00435323  0.09257455  0.11458562 -0.15822327 -0.02000049 -0.23572041] right_ee=[0.0432179  0.04321345]
step=138 env=0 left_arm=[ 0.18487479  1.281921    1.1007295  -1.0210365  -0.01618762  1.3429406 ] left_ee=[0.03393866 0.03399083] right_arm=[-0.00314681  0.08527647  0.11270475 -0.15795384 -0.01838919 -0.23913227] right_ee=[0.04353429 0.04353882]
step=139 env=0 left_arm=[ 0.16795443  1.1908144   1.0230656  -0.9599812  -0.01932589  1.2361343 ] left_ee=[0.03497526 0.03492489] right_arm=[-0.00593382  0.07223804  0.11616885 -0.16481186 -0.01583581 -0.23802076] right_ee=[0.04373068 0.04372081]
step=140 env=0 left_arm=[ 0.1651787   1.1556572   0.9954639  -0.92680967 -0.01517957  1.2161537 ] left_ee=[0.0355964 0.0356821] right_arm=[-0.00503143  0.06160799  0.10885515 -0.16302112 -0.01524017 -0.22484007] right_ee=[0.04383134 0.04384702]
step=141 env=0 left_arm=[ 0.1476481   1.0286645   0.8823951  -0.8380947  -0.02643483  1.1021894 ] left_ee=[0.03637248 0.0363065 ] right_arm=[-0.00922037  0.04568597  0.10938483 -0.14892451 -0.0174827  -0.21310474] right_ee=[0.04391372 0.04389551]
step=142 env=0 left_arm=[ 0.13588183  0.981513    0.83964515 -0.80184424 -0.02462788  1.0374126 ] left_ee=[0.03692542 0.03701327] right_arm=[-0.01083757  0.05535617  0.10692979 -0.14006017 -0.02178781 -0.22064236] right_ee=[0.04393789 0.04395351]
step=143 env=0 left_arm=[ 0.12798278  0.88335663  0.75651467 -0.7294004  -0.02581363  0.95063514] left_ee=[0.0371475  0.03718516] right_arm=[-0.01320504  0.01335223  0.0863971  -0.12847641 -0.00936753 -0.18316478] right_ee=[0.04397833 0.04396844]
step=144 env=0 left_arm=[ 0.11043429  0.7683647   0.6488515  -0.63417643 -0.02500242  0.8129856 ] left_ee=[0.0377611  0.03778544] right_arm=[-0.01539089 -0.00918784  0.06637962 -0.10772067 -0.00503982 -0.16210578] right_ee=[0.04398195 0.04399404]
step=145 env=0 left_arm=[ 0.10509427  0.7174907   0.59605765 -0.5863851  -0.02869445  0.7661718 ] left_ee=[0.03852684 0.03861452] right_arm=[-0.01638203 -0.0126483   0.06653871 -0.10461313 -0.01089914 -0.16399787] right_ee=[0.04398726 0.04399472]
step=146 env=0 left_arm=[ 0.08076783  0.5457966   0.44658807 -0.4467241  -0.0288086   0.585498  ] left_ee=[0.03903001 0.03908718] right_arm=[-0.01565246 -0.04146902  0.04652154 -0.08524058 -0.00740991 -0.13348572] right_ee=[0.04399799 0.04399689]
step=147 env=0 left_arm=[ 0.06993411  0.4386218   0.35998973 -0.3612297  -0.03322886  0.4681034 ] left_ee=[0.03950527 0.03967362] right_arm=[-0.01711843 -0.05451496  0.03565805 -0.07558846 -0.00265033 -0.12406566] right_ee=[0.04399606 0.04399903]
step=148 env=0 left_arm=[ 0.05733002  0.35980368  0.28707114 -0.29685363 -0.03457452  0.37533486] left_ee=[0.03980907 0.03988908] right_arm=[-0.01414718 -0.0632394   0.03073536 -0.0739862   0.00118161 -0.11338852] right_ee=[0.04399395 0.04399974]
step=149 env=0 left_arm=[ 0.05210938  0.30085897  0.24333061 -0.25299415 -0.04423796  0.31702822] left_ee=[0.0400429 0.0401375] right_arm=[-0.01505046 -0.06760751  0.02675779 -0.07476259 -0.00112671 -0.10386238] right_ee=[0.0439969  0.04399922]
step=150 env=0 left_arm=[ 0.04186953  0.21572663  0.17412123 -0.18972972 -0.0430277   0.23399572] left_ee=[0.04042043 0.04045607] right_arm=[-0.01454719 -0.07188188  0.01445097 -0.07228152  0.00430768 -0.10524495] right_ee=[0.04399685 0.044     ]
step=151 env=0 left_arm=[-0.03035403  0.08503228  0.04719476 -0.05993143 -0.00747197  0.07011806] left_ee=[0.04199178 0.04201825] right_arm=[ 0.14729556  0.1174355   0.1690009  -0.17286783  0.04183987 -0.19035462] right_ee=[0.04224737 0.04232578]
step=152 env=0 left_arm=[-0.03251682  0.04567449  0.01603007 -0.0209077  -0.00780296  0.03823615] left_ee=[0.04271642 0.04293276] right_arm=[ 0.18184583  0.2834568   0.2015389  -0.21727525  0.05154181 -0.22401777] right_ee=[0.04162692 0.04148739]
step=153 env=0 left_arm=[-0.03259209  0.04217761  0.01361391 -0.01274762 -0.00914559  0.04210415] left_ee=[0.04323789 0.04332819] right_arm=[ 0.20754507  0.3706846   0.258299   -0.2617551   0.05672227 -0.2640622 ] right_ee=[0.04126799 0.04109776]
step=154 env=0 left_arm=[-0.03169787  0.0310897   0.00172865  0.00285106 -0.01234822  0.03004637] left_ee=[0.04354946 0.04358596] right_arm=[ 0.23607077  0.47351706  0.32565507 -0.30751723  0.05635333 -0.30529565] right_ee=[0.04132243 0.04122557]
step=155 env=0 left_arm=[-0.03243074  0.03817666  0.0047087   0.00069399 -0.01046489  0.02940298] left_ee=[0.04373687 0.04374442] right_arm=[ 0.27622488  0.6087514   0.42546764 -0.37533674  0.06515218 -0.3637382 ] right_ee=[0.04150316 0.04142009]
step=156 env=0 left_arm=[-0.02938238  0.04240456 -0.00367331  0.00407278 -0.01155368  0.0255633 ] left_ee=[0.04384148 0.04385035] right_arm=[ 0.2994927   0.6923086   0.47644347 -0.4126838   0.06988592 -0.39975303] right_ee=[0.04138499 0.04133543]
step=157 env=0 left_arm=[-0.02948448  0.04952477  0.00595518  0.00937476 -0.01086608  0.02383925] left_ee=[0.0439086  0.04390739] right_arm=[ 0.33775666  0.8173721   0.57854676 -0.48602322  0.07968652 -0.45695406] right_ee=[0.04140832 0.04135018]
step=158 env=0 left_arm=[-0.02986803  0.0361259   0.00541099  0.00918098 -0.01101042  0.03213769] left_ee=[0.04394638 0.04394538] right_arm=[ 0.38095474  0.9543861   0.6836414  -0.5662787   0.09212926 -0.5230411 ] right_ee=[0.04130065 0.0412825 ]
step=159 env=0 left_arm=[-0.02989429  0.04610934  0.00445664  0.01906086 -0.00634214  0.01811577] left_ee=[0.04397087 0.04396738] right_arm=[ 0.4281467   1.0903893   0.7677452  -0.63018626  0.08595856 -0.5522106 ] right_ee=[0.04043766 0.04050685]
step=160 env=0 left_arm=[-0.0289801   0.04129861  0.00072704  0.01535783 -0.00554478  0.02715131] left_ee=[0.04397994 0.04398437] right_arm=[ 0.45117673  1.1672376   0.8388161  -0.68957067  0.09947844 -0.6099635 ] right_ee=[0.03994488 0.03986336]
step=161 env=0 left_arm=[-0.0260194   0.03338228  0.00497375  0.03061263 -0.00445255  0.01261025] left_ee=[0.0439855  0.04399452] right_arm=[ 0.48929143  1.2429183   0.8966692  -0.7395478   0.10708457 -0.642345  ] right_ee=[0.03903962 0.03907961]
step=162 env=0 left_arm=[-0.02475616  0.03140671 -0.00529701  0.02638263 -0.00062865  0.01463477] left_ee=[0.04399462 0.04399167] right_arm=[ 0.5065905   1.3339068   0.94537956 -0.78454083  0.11322191 -0.67998976] right_ee=[0.0383297  0.03835507]
step=163 env=0 left_arm=[-0.02499192  0.03527867 -0.0034576   0.02310734 -0.00352219  0.00751308] left_ee=[0.04399511 0.04399791] right_arm=[ 0.512064    1.3542604   0.96689194 -0.8000348   0.11259413 -0.68339336] right_ee=[0.03674495 0.0366997 ]
step=164 env=0 left_arm=[-0.02347159  0.02279782  0.00939217  0.02105621 -0.00219032  0.00873779] left_ee=[0.04399758 0.04399756] right_arm=[ 0.5371091   1.3883401   0.99275464 -0.8284401   0.12165116 -0.700289  ] right_ee=[0.03476382 0.03480545]
step=165 env=0 left_arm=[-0.02129425  0.01235617  0.01081487  0.03072599 -0.00755323 -0.00372219] left_ee=[0.04399718 0.04399493] right_arm=[ 0.544171    1.395442    1.001161   -0.8385241   0.11551128 -0.6967521 ] right_ee=[0.03279766 0.03277693]
step=166 env=0 left_arm=[-0.02337344  0.02456021  0.01074667  0.01877496 -0.00124505  0.00146685] left_ee=[0.04399414 0.04399054] right_arm=[ 0.5527468   1.455485    1.0323173  -0.8575842   0.11253133 -0.71522063] right_ee=[0.03087968 0.03089841]
step=167 env=0 left_arm=[-0.02113969  0.01962934  0.0160184   0.02172    -0.0026017  -0.00725656] left_ee=[0.04398909 0.04399714] right_arm=[ 0.5601408   1.4484861   1.0341513  -0.85814434  0.10678606 -0.7081256 ] right_ee=[0.02865665 0.02864692]
step=168 env=0 left_arm=[-0.02199115  0.00982613  0.02016956  0.02935339 -0.00300939 -0.01987288] left_ee=[0.04399671 0.0439948 ] right_arm=[ 0.5766695   1.4806775   1.0537403  -0.8732781   0.10203175 -0.7233933 ] right_ee=[0.02579551 0.02583013]
step=169 env=0 left_arm=[-0.02091529  0.01253575  0.02282112  0.02389416  0.00098908 -0.01304422] left_ee=[0.04399706 0.04399839] right_arm=[ 0.56989896  1.4770498   1.0559555  -0.875273    0.10380851 -0.7234946 ] right_ee=[0.02380252 0.0237495 ]
step=170 env=0 left_arm=[-0.02001912  0.00062669  0.02061712  0.032859   -0.00718236 -0.02469871] left_ee=[0.04399499 0.04399471] right_arm=[ 0.5691641   1.4510549   1.0422372  -0.8672704   0.10389001 -0.7202394 ] right_ee=[0.02211759 0.02211474]
step=171 env=0 left_arm=[-0.01949599  0.00506527  0.02027854  0.02486529 -0.00694558 -0.01823969] left_ee=[0.04399851 0.04399285] right_arm=[ 0.56857866  1.4600645   1.0346965  -0.8646764   0.09812617 -0.71761763] right_ee=[0.02054095 0.02057466]
step=172 env=0 left_arm=[-0.02057318 -0.00173924  0.02089436  0.0240389  -0.0071798  -0.02347039] left_ee=[0.04399884 0.043996  ] right_arm=[ 0.5759505   1.4749038   1.0510107  -0.8757434   0.09665423 -0.7265756 ] right_ee=[0.01857982 0.01856587]
step=173 env=0 left_arm=[-0.02064196  0.00548549  0.02073517  0.01420381 -0.00468434 -0.02032231] left_ee=[0.04399826 0.04399921] right_arm=[ 0.5730124   1.4901552   1.058733   -0.8861753   0.09452473 -0.7392967 ] right_ee=[0.01687923 0.01687797]
step=174 env=0 left_arm=[-0.01867654  0.00183815  0.02569759  0.02065057 -0.0062133  -0.03085682] left_ee=[0.04399683 0.04399767] right_arm=[ 0.58011854  1.4794705   1.0693768  -0.88888717  0.0935133  -0.7413936 ] right_ee=[0.0151447 0.0151188]
step=175 env=0 left_arm=[-0.01966839  0.00408368  0.02231089  0.02055233 -0.00774411 -0.03087846] left_ee=[0.04399893 0.04399663] right_arm=[ 0.5711251   1.4827015   1.0563624  -0.8842542   0.09204381 -0.7405065 ] right_ee=[0.01417626 0.01420767]
step=176 env=0 left_arm=[-0.01773537  0.00649399  0.02578531  0.01519698 -0.00070203 -0.02933997] left_ee=[0.0439977  0.04399763] right_arm=[ 0.5792853   1.4822941   1.0537894  -0.8763642   0.08133228 -0.7302027 ] right_ee=[0.01283188 0.01285155]
step=177 env=0 left_arm=[-0.01889425  0.00790976  0.02478127  0.01854404 -0.00237908 -0.02979321] left_ee=[0.04399671 0.04399948] right_arm=[ 0.5749145   1.4921362   1.0688622  -0.892995    0.0811413  -0.74341005] right_ee=[0.01160846 0.01156915]
step=178 env=0 left_arm=[-0.01879721  0.01215506  0.02916094  0.01250084 -0.0041164  -0.02738343] left_ee=[0.04399749 0.04399893] right_arm=[ 0.5747942   1.489728    1.0795906  -0.90099454  0.08619958 -0.74523515] right_ee=[0.01098879 0.01096726]
step=179 env=0 left_arm=[-0.01956363  0.00959483  0.02623766  0.0182688  -0.0035788  -0.03289082] left_ee=[0.04399882 0.04399781] right_arm=[ 0.5757734   1.4808981   1.0731257  -0.8977061   0.0837094  -0.74620575] right_ee=[0.0102528  0.01027664]
step=180 env=0 left_arm=[-0.01967523  0.01104357  0.02969722  0.01249683 -0.00272563 -0.02683138] left_ee=[0.04399862 0.04399967] right_arm=[ 0.57405937  1.4874221   1.0812562  -0.90845674  0.0837734  -0.7498242 ] right_ee=[0.00995169 0.00994325]
step=181 env=0 left_arm=[-0.01915056  0.01336919  0.03019406  0.01444838 -0.00179265 -0.0322255 ] left_ee=[0.04399867 0.0439999 ] right_arm=[ 0.5695932   1.4847096   1.0808188  -0.90785116  0.08308958 -0.75218976] right_ee=[0.00952171 0.00951284]
step=182 env=0 left_arm=[-0.02070135  0.01007293  0.0312019   0.01284695 -0.00308517 -0.02475462] left_ee=[0.04399934 0.04399905] right_arm=[ 0.56615156  1.4773452   1.0717541  -0.8997607   0.07973084 -0.74678147] right_ee=[0.0090933  0.00910369]
step=183 env=0 left_arm=[-0.02116731  0.01486139  0.03584904  0.00643545 -0.00347051 -0.02975287] left_ee=[0.04399922 0.0439997 ] right_arm=[ 0.5685684   1.48029     1.0732836  -0.9033145   0.07800198 -0.74715906] right_ee=[0.00833287 0.00834375]
step=184 env=0 left_arm=[-0.01995045  0.00611354  0.03331905  0.01394463 -0.00508982 -0.02849641] left_ee=[0.04399848 0.04399807] right_arm=[ 0.56198585  1.460466    1.0641245  -0.9032066   0.08507524 -0.75324667] right_ee=[0.00805701 0.00803365]
step=185 env=0 left_arm=[-0.02141975  0.00689894  0.03632278  0.01389309 -0.00355295 -0.03042506] left_ee=[0.04399751 0.04399589] right_arm=[ 0.5657047   1.4715104   1.081264   -0.9124048   0.07830852 -0.7550258 ] right_ee=[0.00786127 0.00785341]
step=186 env=0 left_arm=[-0.01898954  0.00877181  0.03933527  0.00948076 -0.00421218 -0.03024882] left_ee=[0.04399453 0.04399728] right_arm=[ 0.5558679   1.4379297   1.0674663  -0.9043488   0.08214387 -0.74187976] right_ee=[0.0076176  0.00759099]
step=187 env=0 left_arm=[-0.01940581  0.00259974  0.03055215  0.00970692 -0.00831133 -0.02473   ] left_ee=[0.04399819 0.04399678] right_arm=[ 0.55919737  1.4467227   1.0743935  -0.9097246   0.07936531 -0.75676924] right_ee=[0.00749057 0.00751481]
step=188 env=0 left_arm=[-0.01939408  0.00126571  0.03591911  0.01614756 -0.00683998 -0.02182699] left_ee=[0.0439988 0.0439951] right_arm=[ 0.5641722   1.4567727   1.0860621  -0.92104894  0.08083994 -0.76064634] right_ee=[0.00735125 0.00735651]
step=189 env=0 left_arm=[-0.02185448  0.01145329  0.04324847  0.01425788 -0.00418037 -0.0176052 ] left_ee=[0.04399602 0.0439972 ] right_arm=[ 0.5467059   1.420747    1.0754728  -0.91375434  0.07850977 -0.7555401 ] right_ee=[0.00752627 0.00746991]
step=190 env=0 left_arm=[-0.02139631  0.0090085   0.04123821  0.0062286  -0.00829459 -0.0222374 ] left_ee=[0.04387065 0.04387892] right_arm=[ 0.54969406  1.4298786   1.0810338  -0.9226538   0.0865211  -0.7685033 ] right_ee=[0.00672276 0.00675816]
step=191 env=0 left_arm=[-0.02116359  0.00149588  0.03495583  0.01591046 -0.00601988 -0.01027706] left_ee=[0.04378956 0.04378505] right_arm=[ 0.5406731   1.3958642   1.0571721  -0.8923828   0.07751168 -0.7423439 ] right_ee=[0.00714942 0.00713029]
step=192 env=0 left_arm=[-0.02243282  0.00745526  0.03663269  0.01209836 -0.00347911 -0.01301144] left_ee=[0.04371434 0.04371202] right_arm=[ 0.5354936   1.3896816   1.051394   -0.8872369   0.07148968 -0.74053144] right_ee=[0.00701185 0.00701689]
step=193 env=0 left_arm=[-0.02179741  0.01105773  0.04424812  0.00430505 -0.00327838 -0.01029426] left_ee=[0.04349934 0.04350395] right_arm=[ 0.5302079   1.3722577   1.0529178  -0.898058    0.06988969 -0.74910486] right_ee=[0.00737478 0.00735426]
step=194 env=0 left_arm=[-0.02346843  0.01408568  0.05872549 -0.00081073 -0.00152293 -0.00946319] left_ee=[0.04331635 0.04331393] right_arm=[ 0.525762    1.3510017   1.0468566  -0.8995877   0.08059359 -0.7486138 ] right_ee=[0.00761521 0.00760052]
step=195 env=0 left_arm=[-0.0221133   0.01675174  0.05400546  0.00047731 -0.00193458 -0.00717748] left_ee=[0.04327769 0.04328471] right_arm=[ 0.5182511   1.3402325   1.0367591  -0.8800752   0.06930074 -0.73996776] right_ee=[0.00785036 0.0078461 ]
step=196 env=0 left_arm=[-0.02360961  0.00955453  0.04945172 -0.0001347  -0.00262492 -0.00395959] left_ee=[0.04299337 0.04299166] right_arm=[ 0.5092855   1.3043386   1.0224565  -0.86538374  0.06861679 -0.72944766] right_ee=[0.00814541 0.00812043]
step=197 env=0 left_arm=[-0.02215926  0.01465824  0.05483143  0.01132178 -0.00346119 -0.00075517] left_ee=[0.04281526 0.04281817] right_arm=[ 0.4982597   1.2522213   1.0025746  -0.8470767   0.06191986 -0.7146766 ] right_ee=[0.0086668  0.00863983]
step=198 env=0 left_arm=[-0.02395351  0.00536442  0.05326515  0.00062904 -0.00122278 -0.00125401] left_ee=[0.042381  0.0423755] right_arm=[ 0.4840389  1.2054193  0.9769799 -0.8235993  0.0675524 -0.7036661] right_ee=[0.00867993 0.00866338]
step=199 env=0 left_arm=[-0.01997655  0.02222695  0.05593886  0.00094129  0.00295564  0.00797367] left_ee=[0.04194865 0.0419557 ] right_arm=[ 0.46332598  1.1617353   0.9520211  -0.7858782   0.04299025 -0.68249685] right_ee=[0.00942046 0.00939455]
step=200 env=0 left_arm=[-0.01658475  0.01965727  0.04283444  0.00255903 -0.00013836  0.01441437] left_ee=[0.04161234 0.04161754] right_arm=[ 0.43953636  1.0986695   0.90435094 -0.74310434  0.02585527 -0.66291505] right_ee=[0.01038206 0.01039228]
step=201 env=0 left_arm=[-0.02031645  0.02370545 -0.00311379 -0.00625908  0.02856396  0.04540159] left_ee=[0.04258864 0.04256879] right_arm=[ 0.3729716   1.2812064   1.087669   -0.8740523   0.11172689 -0.6880374 ] right_ee=[0.01913407 0.01866778]
step=202 env=0 left_arm=[-0.02097716  0.0201761  -0.00958287 -0.00710147  0.02950601  0.0434223 ] left_ee=[0.04314056 0.04318263] right_arm=[ 0.36611134  1.4612412   1.2162753  -0.91069835  0.11645991 -0.7266458 ] right_ee=[0.02661368 0.02676901]
step=203 env=0 left_arm=[-0.02229075  0.0214608  -0.00989776 -0.00545214  0.03585199  0.04066348] left_ee=[0.04349231 0.04350797] right_arm=[ 0.37516317  1.597196    1.3055816  -0.9622414   0.11566647 -0.7806304 ] right_ee=[0.03259803 0.0329401 ]
step=204 env=0 left_arm=[-0.02358246  0.016574   -0.01715241 -0.00295186  0.03079528  0.02480127] left_ee=[0.04369578 0.04371163] right_arm=[ 0.37263334  1.6700654   1.3542333  -0.99767005  0.11672834 -0.8178873 ] right_ee=[0.03609757 0.0362616 ]
step=205 env=0 left_arm=[-0.02554824  0.0164718  -0.0081765  -0.00013308  0.0294468   0.00824426] left_ee=[0.04382156 0.04382654] right_arm=[ 0.3671547   1.7173527   1.380259   -1.0256591   0.1101212  -0.84649473] right_ee=[0.03797623 0.03808919]
step=206 env=0 left_arm=[-0.02460798  0.01947666 -0.00763236  0.0061872   0.02824785  0.01153464] left_ee=[0.04389234 0.04389817] right_arm=[ 0.3662121   1.7935001   1.4366297  -1.0595887   0.10832103 -0.8918667 ] right_ee=[0.03823495 0.0382914 ]
step=207 env=0 left_arm=[-0.02526635  0.02089133 -0.00429413  0.01090775  0.03041933  0.00810256] left_ee=[0.0439389  0.04393639] right_arm=[ 0.36029053  1.8298308   1.4616535  -1.0831106   0.10511914 -0.9051511 ] right_ee=[0.03806412 0.03812082]
step=208 env=0 left_arm=[-0.02187556  0.0156094  -0.01099579  0.02323127  0.02103298  0.00847518] left_ee=[0.04395837 0.04396942] right_arm=[ 0.36772904  1.9122977   1.5228611  -1.1258228   0.10994521 -0.9675129 ] right_ee=[0.03649129 0.03657566]
step=209 env=0 left_arm=[-0.0227338   0.01266989 -0.00875893  0.03018281  0.02078968 -0.0007671 ] left_ee=[0.04398451 0.04397167] right_arm=[ 0.3682858   1.9461359   1.5526683  -1.152647    0.10405278 -0.9847465 ] right_ee=[0.03477042 0.03482039]
step=210 env=0 left_arm=[-0.02075255  0.0096454  -0.01461855  0.0374652   0.01252804  0.00071085] left_ee=[0.04398713 0.04399   ] right_arm=[ 0.36662057  1.9838859   1.5881267  -1.1895456   0.10928048 -1.0201156 ] right_ee=[0.03175839 0.03178529]
step=211 env=0 left_arm=[-0.01966952 -0.00154274 -0.0104547   0.044728    0.01376697 -0.01062369] left_ee=[0.0439973  0.04398862] right_arm=[ 0.363205    2.0248048   1.6338784  -1.2331252   0.09823681 -1.0330245 ] right_ee=[0.02884132 0.02885173]
step=212 env=0 left_arm=[-0.01958643 -0.00183274 -0.01293227  0.0424972   0.00797418 -0.01502994] left_ee=[0.04399691 0.04399643] right_arm=[ 0.35795298  2.0466502   1.6409564  -1.2430503   0.10346933 -1.0570703 ] right_ee=[0.0268049  0.02683553]
step=213 env=0 left_arm=[-0.01548476 -0.00551463 -0.02129241  0.05046178  0.00571342 -0.01853736] left_ee=[0.04399869 0.04399467] right_arm=[ 0.34973848  2.0665092   1.6700172  -1.2783811   0.11570332 -1.081054  ] right_ee=[0.02262098 0.02260717]
step=214 env=0 left_arm=[-0.01421029 -0.00932251 -0.00473573  0.04720447  0.00603889 -0.02730959] left_ee=[0.04399963 0.04399269] right_arm=[ 0.35594708  2.0919034   1.6935644  -1.3021764   0.11624256 -1.089875  ] right_ee=[0.01949175 0.01953332]
step=215 env=0 left_arm=[-0.01395983 -0.01192542 -0.00957696  0.04803124  0.0024606  -0.02747156] left_ee=[0.04399806 0.04399726] right_arm=[ 0.34420002  2.0868099   1.6836426  -1.2968132   0.11118358 -1.0872644 ] right_ee=[0.01688321 0.01687574]
step=216 env=0 left_arm=[-0.01500564 -0.01246769 -0.01409995  0.05052184  0.00208384 -0.02423254] left_ee=[0.04399906 0.04399587] right_arm=[ 0.34232605  2.092954    1.6971955  -1.3074994   0.10895777 -1.1062756 ] right_ee=[0.01400609 0.01400274]
step=217 env=0 left_arm=[-0.0140791  -0.01932416 -0.01611377  0.0484495  -0.00292035 -0.02366894] left_ee=[0.04399728 0.04399623] right_arm=[ 0.33207044  2.100241    1.7131016  -1.3208158   0.10664528 -1.1105552 ] right_ee=[0.01054429 0.01052182]
step=218 env=0 left_arm=[-0.01606246 -0.02990312 -0.01057321  0.04954425 -0.0083364  -0.02523623] left_ee=[0.04399999 0.04399398] right_arm=[ 0.3279025   2.095565    1.725089   -1.3455297   0.10332672 -1.1182598 ] right_ee=[0.00643418 0.00645338]
step=219 env=0 left_arm=[-0.01571771 -0.03568686 -0.00818874  0.05080559 -0.00892659 -0.02369459] left_ee=[0.044     0.0439971] right_arm=[ 0.31751686  2.0840824   1.7172679  -1.3429757   0.10056678 -1.1327722 ] right_ee=[0.00299097 0.00297282]
step=220 env=0 left_arm=[-0.01452328 -0.04105474 -0.00619712  0.04968809 -0.0125744  -0.02750011] left_ee=[0.04399913 0.04399682] right_arm=[ 0.32149997  2.0711803   1.7302516  -1.3659939   0.10636558 -1.138233  ] right_ee=[0.00120146 0.00120985]
step=221 env=0 left_arm=[-0.01522395 -0.0371359  -0.00643025  0.04427323 -0.01353566 -0.02614659] left_ee=[0.04399944 0.04399582] right_arm=[ 0.3182094  2.073814   1.7056865 -1.3431741  0.0974277 -1.1252683] right_ee=[0. 0.]
step=222 env=0 left_arm=[-0.01512537 -0.04279849 -0.00285814  0.04735221 -0.01593124 -0.02642142] left_ee=[0.04399968 0.04399833] right_arm=[ 0.31238136  2.0751784   1.7295003  -1.3733138   0.1051985  -1.1394958 ] right_ee=[0. 0.]
step=223 env=0 left_arm=[-0.0148868  -0.04237156 -0.00804046  0.04347469 -0.01426709 -0.02546936] left_ee=[0.04392644 0.04392514] right_arm=[ 0.30004787  2.0600796   1.7005408  -1.3521061   0.09599394 -1.1314965 ] right_ee=[0. 0.]
step=224 env=0 left_arm=[-0.01524593 -0.05059552 -0.01482345  0.04445726 -0.02155203 -0.02235423] left_ee=[0.0439357  0.04393919] right_arm=[ 0.2978407   2.0407968   1.7433273  -1.4049786   0.10280238 -1.1618358 ] right_ee=[0. 0.]
step=225 env=0 left_arm=[-0.01354408 -0.04576379 -0.00845612  0.04084657 -0.02138967 -0.03237615] left_ee=[0.04389463 0.04388953] right_arm=[ 0.2962258   2.0424643   1.7168772  -1.3851547   0.10005961 -1.1455429 ] right_ee=[0. 0.]
step=226 env=0 left_arm=[-0.01323859 -0.05179533 -0.00846971  0.04065764 -0.01740997 -0.02789309] left_ee=[0.04382297 0.04381631] right_arm=[ 0.29527768  2.0286343   1.7229698  -1.3836676   0.09851009 -1.1437765 ] right_ee=[0. 0.]
step=227 env=0 left_arm=[-0.01369344 -0.04894953 -0.01665459  0.03529676 -0.01949963 -0.02946406] left_ee=[0.0436581  0.04366194] right_arm=[ 0.27450553  2.0069406   1.7359576  -1.410653    0.09771263 -1.1666064 ] right_ee=[0. 0.]
step=228 env=0 left_arm=[-0.01474857 -0.04647807 -0.01018108  0.03623805 -0.01698392 -0.02863074] left_ee=[0.04366584 0.04366058] right_arm=[ 0.2810092   2.0255527   1.751993   -1.4206178   0.09767605 -1.1633542 ] right_ee=[0. 0.]
step=229 env=0 left_arm=[-0.01377242 -0.05141805 -0.01394261  0.03639835 -0.02342955 -0.02505335] left_ee=[0.04358968 0.04359796] right_arm=[ 0.27544424  1.9846954   1.7408845  -1.420551    0.09149177 -1.1602217 ] right_ee=[0. 0.]
step=230 env=0 left_arm=[-0.01511075 -0.04612089 -0.01159624  0.02509604 -0.02369601 -0.02416142] left_ee=[0.0434814  0.04347445] right_arm=[ 0.27397236  1.9883132   1.7596409  -1.442352    0.09027963 -1.1791486 ] right_ee=[0. 0.]
step=231 env=0 left_arm=[-0.01344671 -0.05037269 -0.01611848  0.03030567 -0.02693819 -0.02859071] left_ee=[0.04353379 0.04353656] right_arm=[ 0.25862342  1.9598432   1.7445146  -1.4242783   0.0748051  -1.1765507 ] right_ee=[0. 0.]
step=232 env=0 left_arm=[-0.01372565 -0.04948004 -0.01967422  0.03292625 -0.02639608 -0.02369804] left_ee=[0.04346926 0.04346327] right_arm=[ 0.25423452  1.9471433   1.6954345  -1.3525672   0.05411531 -1.1564058 ] right_ee=[0. 0.]
step=233 env=0 left_arm=[-0.01458254 -0.04437956 -0.01001021  0.0265539  -0.02719428 -0.02110986] left_ee=[0.0434892  0.04348628] right_arm=[ 0.2593764   1.9466989   1.7251588  -1.3942021   0.05913989 -1.1410644 ] right_ee=[0. 0.]
step=234 env=0 left_arm=[-0.01483266 -0.05129762 -0.01857195  0.03087006 -0.02988007 -0.0236582 ] left_ee=[0.04337612 0.04337789] right_arm=[ 0.24842206  1.9080433   1.6736004  -1.3263459   0.0232527  -1.1238567 ] right_ee=[5.8176846e-07 0.0000000e+00]
step=235 env=0 left_arm=[-0.01619905 -0.05414756 -0.02352624  0.02943867 -0.03473819 -0.02255814] left_ee=[0.04342241 0.04342136] right_arm=[ 0.24728306  1.8934063   1.6867003  -1.3249221   0.00607196 -1.1289345 ] right_ee=[0. 0.]
step=236 env=0 left_arm=[-0.01456665 -0.06013058 -0.02728097  0.03353823 -0.04158629 -0.01869697] left_ee=[0.04337    0.04337121] right_arm=[ 0.23336372  1.8349565   1.6314179  -1.2574444  -0.019344   -1.090884  ] right_ee=[2.0206428e-06 0.0000000e+00]
step=237 env=0 left_arm=[-0.01450971 -0.06364781 -0.03637342  0.03380691 -0.04992289 -0.00886132] left_ee=[0.04340099 0.04339505] right_arm=[ 0.22346732  1.8172168   1.6196706  -1.2309521  -0.04469689 -1.1089287 ] right_ee=[0. 0.]
step=238 env=0 left_arm=[-0.01641239 -0.05945938 -0.03643828  0.03328796 -0.0539626  -0.00236918] left_ee=[0.04355036 0.04353843] right_arm=[ 0.23237519  1.8152725   1.6141906  -1.2054133  -0.06778283 -1.0877405 ] right_ee=[0. 0.]
step=239 env=0 left_arm=[-0.01541889 -0.06634103 -0.03634755  0.03525901 -0.05717689 -0.00487116] left_ee=[0.04345493 0.04345254] right_arm=[ 0.21621053  1.7537862   1.5161662  -1.0454752  -0.15198144 -1.0075713 ] right_ee=[7.0018377e-06 0.0000000e+00]
step=240 env=0 left_arm=[-0.01577576 -0.06515704 -0.0363776   0.03006573 -0.06789553 -0.00257185] left_ee=[0.04328934 0.04328766] right_arm=[ 0.2111203   1.7240838   1.4771893  -0.98705506 -0.17312737 -0.9972442 ] right_ee=[0. 0.]
step=241 env=0 left_arm=[-0.01577571 -0.06338409 -0.03637295  0.03236448 -0.07256472  0.00661756] left_ee=[0.04331313 0.0433032 ] right_arm=[ 0.20308141  1.6845173   1.4394953  -0.9085127  -0.21310146 -0.9535231 ] right_ee=[1.5231385e-06 0.0000000e+00]
step=242 env=0 left_arm=[-0.01680477 -0.06054788 -0.03478636  0.02765127 -0.0693888   0.0059567 ] left_ee=[0.04311913 0.04310732] right_arm=[ 0.20619325  1.6753161   1.401361   -0.83151907 -0.25644583 -0.9119635 ] right_ee=[2.5455165e-07 0.0000000e+00]
step=243 env=0 left_arm=[-0.01309472 -0.06171499 -0.03637569  0.01900028 -0.07693581  0.02719539] left_ee=[0.04306366 0.04307428] right_arm=[ 0.20648988  1.6391356   1.3736867  -0.79239887 -0.27997127 -0.9066323 ] right_ee=[0.000000e+00 3.861518e-08]
step=244 env=0 left_arm=[-0.01535342 -0.05809962 -0.02504972  0.0214724  -0.07213155  0.02661357] left_ee=[0.04296787 0.04295465] right_arm=[ 0.20278232  1.6038721   1.2807996  -0.64820075 -0.34643844 -0.83841586] right_ee=[1.9660959e-06 0.0000000e+00]
step=245 env=0 left_arm=[-0.01099254 -0.05376361 -0.03646472  0.01630492 -0.07547227  0.02871215] left_ee=[0.04270448 0.04271927] right_arm=[ 0.19271478  1.5788484   1.2380456  -0.561979   -0.38686523 -0.8077306 ] right_ee=[1.2939859e-07 0.0000000e+00]
step=246 env=0 left_arm=[-0.01544007 -0.04354257 -0.01901995  0.01991586 -0.07103004  0.04384677] left_ee=[0.04262707 0.04261599] right_arm=[ 0.19759719  1.5380181   1.1865083  -0.4424762  -0.4445242  -0.7530181 ] right_ee=[0. 0.]
step=247 env=0 left_arm=[-0.01878309 -0.04042403 -0.01138059  0.01760091 -0.07793425  0.05049507] left_ee=[0.04259192 0.04259842] right_arm=[ 0.2017677   1.5013876   1.1469252  -0.37868097 -0.47774974 -0.71605927] right_ee=[0. 0.]
step=248 env=0 left_arm=[-0.01973778 -0.02075847 -0.00211981  0.01026729 -0.07185686  0.05567047] left_ee=[0.04234249 0.04233813] right_arm=[ 0.20453325  1.4670306   1.1019468  -0.29626554 -0.49265653 -0.65778315] right_ee=[4.2634812e-07 0.0000000e+00]
step=249 env=0 left_arm=[-0.01845176  0.00376415  0.01168198  0.01259413 -0.06034691  0.07003006] left_ee=[0.04201698 0.04202283] right_arm=[ 0.2022394   1.4475266   1.0500363  -0.20781797 -0.523388   -0.6106128 ] right_ee=[4.0536716e-07 0.0000000e+00]
step=250 env=0 left_arm=[-0.01938738  0.0305474   0.01701807  0.00570433 -0.05434374  0.09215836] left_ee=[0.0418706 0.0418779] right_arm=[ 0.20171262  1.3850821   0.9432258  -0.05103014 -0.58986944 -0.51093435] right_ee=[1.7292059e-06 0.0000000e+00]
step=251 env=0 left_arm=[-0.02262016  0.02536727  0.01142664 -0.03321499 -0.03332428  0.02618062] left_ee=[0.04209635 0.0420753 ] right_arm=[ 0.38251427  1.5017545   1.1231009  -0.24622379 -0.39042675 -0.6977014 ] right_ee=[0.00529488 0.00557985]
step=252 env=0 left_arm=[-0.02320587  0.01992994  0.01594314 -0.0389924  -0.03413877  0.01561033] left_ee=[0.04229842 0.04232405] right_arm=[ 0.48981678  1.530118    1.205173   -0.44268987 -0.19307132 -0.77704346] right_ee=[0.00891152 0.00888307]
step=253 env=0 left_arm=[-0.02434457  0.01681182  0.02342173 -0.03859714 -0.03665708  0.00580571] left_ee=[0.04263746 0.04264906] right_arm=[ 0.5047968   1.56943     1.2508212  -0.6394876  -0.00207345 -0.80955034] right_ee=[0.01074198 0.01052863]
step=254 env=0 left_arm=[-0.02474775  0.01140681  0.03467987 -0.04124863 -0.0387774  -0.00250461] left_ee=[0.04284697 0.04285281] right_arm=[ 0.51182353  1.6014569   1.2848665  -0.83513     0.08223143 -0.8108324 ] right_ee=[0.01166732 0.01170589]
step=255 env=0 left_arm=[-0.02589688  0.00121623  0.03617238 -0.03232255 -0.04092677 -0.01688238] left_ee=[0.04306364 0.04306576] right_arm=[ 0.5042399   1.6341949   1.2778275  -1.0064441   0.0544516  -0.80301714] right_ee=[0.01158477 0.01174028]
step=256 env=0 left_arm=[-0.02877486  0.00374485  0.04611895 -0.03228894 -0.04199798 -0.01637447] left_ee=[0.0432273  0.04322526] right_arm=[ 0.4987258   1.6788191   1.3172728  -1.0342683   0.02950442 -0.8176769 ] right_ee=[0.0121777  0.01188713]
step=257 env=0 left_arm=[-0.0287619   0.00192299  0.04236048 -0.02349129 -0.03557928 -0.01891052] left_ee=[0.04353869 0.04353965] right_arm=[ 0.48492274  1.6752139   1.2887696  -0.97955114 -0.01325402 -0.786231  ] right_ee=[0.01188577 0.01178714]
step=258 env=0 left_arm=[-0.02572542 -0.00298551  0.04009611 -0.01195005 -0.03568791 -0.02884982] left_ee=[0.04353011 0.04354197] right_arm=[ 0.48375356  1.6975182   1.2917696  -0.95150906 -0.05574258 -0.7769553 ] right_ee=[0.01101101 0.0109938 ]
step=259 env=0 left_arm=[-0.0279176  -0.0107031   0.03470779  0.0022304  -0.03894753 -0.02013179] left_ee=[0.04340385 0.04340134] right_arm=[ 0.45885295  1.7085056   1.2485086  -0.8145677  -0.13900119 -0.744948  ] right_ee=[0.01047042 0.01038176]
step=260 env=0 left_arm=[-0.02351802 -0.00104819  0.03117717  0.00863148 -0.03615525 -0.02308905] left_ee=[0.04334989 0.04335357] right_arm=[ 0.44396773  1.718689    1.2252272  -0.76561856 -0.17654973 -0.75274324] right_ee=[0.00968029 0.00971964]
step=261 env=0 left_arm=[-0.0234741  -0.01264138  0.01615533  0.01580578 -0.03726286 -0.0281472 ] left_ee=[0.04333432 0.04333188] right_arm=[ 0.43441093  1.7144122   1.2153981  -0.68829465 -0.2382451  -0.7181235 ] right_ee=[0.00934947 0.00930885]
step=262 env=0 left_arm=[-0.01913625 -0.02565683  0.00252987  0.03140685 -0.04143295 -0.03563425] left_ee=[0.0430339  0.04303879] right_arm=[ 0.41541156  1.7044477   1.1607373  -0.5609398  -0.31105947 -0.6659212 ] right_ee=[0.00829541 0.00829361]
step=263 env=0 left_arm=[-0.01614188 -0.01427705 -0.00268723  0.04114375 -0.03850848 -0.03934547] left_ee=[0.04300751 0.04299874] right_arm=[ 0.39814332  1.7034433   1.1545167  -0.5267519  -0.34479854 -0.6759338 ] right_ee=[0.00717771 0.00714447]
step=264 env=0 left_arm=[-0.01571506 -0.02244003 -0.01995799  0.04803038 -0.04362081 -0.05326398] left_ee=[0.04272054 0.04271932] right_arm=[ 0.39099756  1.6877126   1.118482   -0.44749495 -0.40124047 -0.6274575 ] right_ee=[0.00601153 0.00605364]
step=265 env=0 left_arm=[-0.0113139  -0.02887324 -0.01875675  0.04686642 -0.046004   -0.05113816] left_ee=[0.04245935 0.04245393] right_arm=[ 0.38009965  1.6708457   1.0962795  -0.38403493 -0.44709957 -0.614136  ] right_ee=[0.00435044 0.00432383]
step=266 env=0 left_arm=[-0.01027488 -0.02916086 -0.02260299  0.05338821 -0.04199338 -0.0509349 ] left_ee=[0.04235426 0.04234127] right_arm=[ 0.37449703  1.6641577   1.0874392  -0.34000456 -0.46617988 -0.6055154 ] right_ee=[0.00306429 0.00304966]
step=267 env=0 left_arm=[-0.01040545 -0.02644429 -0.02962269  0.05605828 -0.05255331 -0.0412532 ] left_ee=[0.04210299 0.04210766] right_arm=[ 0.35406885  1.6434913   1.0200979  -0.21161395 -0.55015385 -0.5452554 ] right_ee=[0.00170291 0.00171762]
step=268 env=0 left_arm=[-0.00718436 -0.02969627 -0.02902743  0.05350968 -0.05481645 -0.04155274] left_ee=[0.04188441 0.04187784] right_arm=[ 0.34829524  1.6391206   1.0205466  -0.21097776 -0.54895186 -0.5739651 ] right_ee=[0.00034574 0.00031037]
step=269 env=0 left_arm=[-0.00851361 -0.02906546 -0.03252092  0.06540486 -0.05351486 -0.03859952] left_ee=[0.04174866 0.04173497] right_arm=[ 0.3425139   1.6308016   1.0005692  -0.16354921 -0.58281946 -0.54089963] right_ee=[1.7824638e-07 0.0000000e+00]
step=270 env=0 left_arm=[-0.00977423 -0.03368198 -0.0333309   0.06492995 -0.05356879 -0.04476129] left_ee=[0.04156537 0.04156305] right_arm=[ 0.34816363  1.6146326   0.98863846 -0.13658316 -0.57193375 -0.51572365] right_ee=[0.0000000e+00 1.4906103e-08]
step=271 env=0 left_arm=[-0.00656857 -0.03500604 -0.03657329  0.05129583 -0.06236829 -0.04392054] left_ee=[0.04146138 0.04147039] right_arm=[ 0.34321812  1.6042981   0.96222824 -0.09106428 -0.60098803 -0.5042025 ] right_ee=[0. 0.]
step=272 env=0 left_arm=[-0.01216576 -0.02339985 -0.02285795  0.06505414 -0.04736442 -0.03688968] left_ee=[0.04112937 0.04109814] right_arm=[ 0.348597    1.6033229   0.9782232  -0.10256433 -0.5873237  -0.50836116] right_ee=[0. 0.]
step=273 env=0 left_arm=[-0.01019899 -0.0241437  -0.02226247  0.05364795 -0.05235503 -0.04042496] left_ee=[0.04078213 0.04080579] right_arm=[ 0.34740102  1.604963    0.9779975  -0.10718922 -0.5926192  -0.5073173 ] right_ee=[0. 0.]
step=274 env=0 left_arm=[-0.01388358 -0.00388086 -0.00971832  0.06037758 -0.03518835 -0.01839009] left_ee=[0.04102698 0.04101081] right_arm=[ 0.350358    1.611256    0.9821545  -0.08994583 -0.6020875  -0.49664885] right_ee=[0. 0.]
step=275 env=0 left_arm=[-0.01290471 -0.01729246 -0.01578587  0.0528179  -0.05128201 -0.02965899] left_ee=[0.04093041 0.04096089] right_arm=[ 0.34878057  1.6070907   0.9838107  -0.09784262 -0.58396435 -0.49381444] right_ee=[0. 0.]
step=276 env=0 left_arm=[-0.01087797 -0.00667742 -0.00398567  0.05154629 -0.04056975 -0.01447842] left_ee=[0.04117148 0.0411577 ] right_arm=[ 0.35292548  1.5975966   0.9896671  -0.09286244 -0.58761257 -0.49591613] right_ee=[0. 0.]
step=277 env=0 left_arm=[-0.01788821  0.0187941   0.00809238  0.05395409 -0.02284274 -0.00341515] left_ee=[0.04130324 0.0412899 ] right_arm=[ 0.34973276  1.6112857   0.99261034 -0.08604778 -0.5876205  -0.48548165] right_ee=[0. 0.]
step=278 env=0 left_arm=[-0.01722991  0.03874998  0.0156792   0.04770336 -0.02059049  0.00403011] left_ee=[0.0414938  0.04152293] right_arm=[ 0.34740874  1.6103252   1.0009713  -0.10098124 -0.58035344 -0.49189928] right_ee=[0. 0.]
step=279 env=0 left_arm=[-0.03414362  0.08713929  0.04757052  0.05948767  0.01878246  0.02488028] left_ee=[0.04158805 0.04156078] right_arm=[ 0.36145052  1.6236812   1.0383925  -0.15233238 -0.54200226 -0.51651716] right_ee=[5.6949254e-08 0.0000000e+00]
step=280 env=0 left_arm=[-0.04434892  0.14503293  0.07908563  0.05866574  0.06070042  0.04050623] left_ee=[0.04182508 0.04185897] right_arm=[ 0.35742655  1.6189953   1.0294263  -0.12151264 -0.5732629  -0.48416817] right_ee=[0. 0.]
step=281 env=0 left_arm=[-0.05507152  0.18995214  0.10873444  0.07866666  0.09370923  0.05620302] left_ee=[0.04215447 0.04220549] right_arm=[ 0.3521638   1.6259073   1.0452173  -0.11757996 -0.5735019  -0.48101205] right_ee=[0. 0.]
step=282 env=0 left_arm=[-0.07963036  0.2923582   0.16730088  0.09720917  0.17202282  0.09194733] left_ee=[0.04241006 0.04241709] right_arm=[ 0.36470395  1.6384773   1.05446    -0.09451319 -0.5760742  -0.48786253] right_ee=[0.0000000e+00 5.5921636e-09]
step=283 env=0 left_arm=[-0.1074084   0.427716    0.24517053  0.1051708   0.2617156   0.13778257] left_ee=[0.04252879 0.04258043] right_arm=[ 0.35581675  1.6330045   1.0648345  -0.11501315 -0.5732276  -0.4953262 ] right_ee=[0. 0.]
step=284 env=0 left_arm=[-0.09799033  0.38560075  0.22768298  0.08738407  0.21364449  0.12986706] left_ee=[0.04261108 0.0427595 ] right_arm=[ 0.3544343   1.6189617   1.0545671  -0.13535306 -0.5460971  -0.5034519 ] right_ee=[0. 0.]
step=285 env=0 left_arm=[-0.14741217  0.56574965  0.3410962   0.13804412  0.3805457   0.16631627] left_ee=[0.04297628 0.04282657] right_arm=[ 0.36753604  1.655579    1.0729806  -0.07763217 -0.6051773  -0.46377614] right_ee=[2.307048e-07 0.000000e+00]
step=286 env=0 left_arm=[-0.16351107  0.6937686   0.39215273  0.15687665  0.45214555  0.20178005] left_ee=[0.04256421 0.04263711] right_arm=[ 0.3601992   1.6275053   1.0759376  -0.05440195 -0.60843295 -0.4539781 ] right_ee=[0.000000e+00 8.144152e-07]
step=287 env=0 left_arm=[-0.19704583  0.82480055  0.4547951   0.17631544  0.54112864  0.23079824] left_ee=[0.04245818 0.04245334] right_arm=[ 0.3692134   1.6614441   1.085778   -0.02719776 -0.6375462  -0.46029472] right_ee=[8.4628702e-08 8.7770104e-08]
step=288 env=0 left_arm=[-0.20467266  0.87586504  0.48316574  0.18444002  0.5710166   0.23797412] left_ee=[0.0425522  0.04262027] right_arm=[ 0.37130463  1.6612027   1.0740645  -0.002366   -0.65431964 -0.42590296] right_ee=[1.825356e-08 0.000000e+00]
step=289 env=0 left_arm=[-0.2226683   0.936645    0.5296795   0.19944464  0.61972946  0.2609007 ] left_ee=[0.04221657 0.04222984] right_arm=[ 0.36947167  1.6569816   1.0653571   0.03003431 -0.67315584 -0.3959251 ] right_ee=[0. 0.]
step=290 env=0 left_arm=[-0.23226127  0.97294694  0.5478991   0.20369506  0.639865    0.27280813] left_ee=[0.04188204 0.0418934 ] right_arm=[ 0.3673504   1.6502677   1.0611411   0.04948809 -0.67117727 -0.38840428] right_ee=[0. 0.]
step=291 env=0 left_arm=[-0.2439932   0.99797064  0.56448966  0.22148077  0.6659242   0.28496337] left_ee=[0.04148497 0.04148261] right_arm=[ 0.36362973  1.6490711   1.0477542   0.0975404  -0.6887769  -0.36236718] right_ee=[0. 0.]
step=292 env=0 left_arm=[-0.25441715  1.0591153   0.5966004   0.22789966  0.7153958   0.287243  ] left_ee=[0.04109    0.04110152] right_arm=[ 0.36253953  1.6308153   1.0296173   0.14243764 -0.72655797 -0.33677024] right_ee=[0.00000000e+00 1.10042784e-07]
step=293 env=0 left_arm=[-0.25840575  1.079096    0.62055594  0.20199038  0.71663123  0.3159582 ] left_ee=[0.04035198 0.04037574] right_arm=[ 0.35646793  1.600985    1.0175003   0.15164322 -0.72369635 -0.34251866] right_ee=[0.0000000e+00 3.7342315e-07]
step=294 env=0 left_arm=[-0.25255403  1.0552782   0.61626     0.19278571  0.6949469   0.32018417] left_ee=[0.03992834 0.03992872] right_arm=[ 0.3503759   1.575614    1.0072567   0.12388185 -0.6915439  -0.34794387] right_ee=[5.0645760e-08 1.6592388e-07]
step=295 env=0 left_arm=[-0.25782624  1.0975615   0.6361199   0.20681296  0.7311424   0.32552522] left_ee=[0.03972004 0.03970203] right_arm=[ 0.34125856  1.5578276   0.9898796   0.19262132 -0.7339448  -0.31282508] right_ee=[0.0000000e+00 4.4396754e-07]
step=296 env=0 left_arm=[-0.27382302  1.1267036   0.66088456  0.22217934  0.7672774   0.3389703 ] left_ee=[0.0385133  0.03848053] right_arm=[ 0.34473175  1.5531569   0.95772713  0.27167815 -0.75686324 -0.27136546] right_ee=[3.4981426e-08 0.0000000e+00]
step=297 env=0 left_arm=[-0.27198115  1.1343102   0.66649514  0.23488943  0.7761459   0.34507012] left_ee=[0.03752597 0.03754897] right_arm=[ 0.33690703  1.5116491   0.93167955  0.31632823 -0.76225895 -0.24533492] right_ee=[0.000000e+00 7.808596e-07]
step=298 env=0 left_arm=[-0.27255553  1.1412683   0.6576258   0.23003244  0.7877508   0.33752733] left_ee=[0.03619719 0.03616287] right_arm=[ 0.33168316  1.4797434   0.89131904  0.37511063 -0.7651655  -0.20822181] right_ee=[2.3038934e-08 0.0000000e+00]
step=299 env=0 left_arm=[-0.2632354   1.125378    0.659545    0.23430471  0.7722429   0.34335026] left_ee=[0.0352153  0.03525707] right_arm=[ 0.3143308   1.435671    0.8682663   0.389148   -0.7564405  -0.18255855] right_ee=[0.00131515 0.00126807]
step=300 env=0 left_arm=[-0.2636513   1.1459826   0.66322637  0.22298531  0.7794545   0.35892737] left_ee=[0.0344483  0.03441323] right_arm=[ 0.30739427  1.4005435   0.8155169   0.45500574 -0.77935076 -0.14328696] right_ee=[0.00217951 0.00222776]
